Applications Graphics Acceleration Info:
Uptime: 387696406 Realtime: 400613271

** Graphics info for pid 31629 [com.folio.reader] **

Stats since: 387693270256338ns
Total frames rendered: 88
Janky frames: 27 (30.68%)
Janky frames (legacy): 79 (89.77%)
50th percentile: 20ms
90th percentile: 46ms
95th percentile: 81ms
99th percentile: 150ms
Number Missed Vsync: 4
Number High input latency: 100
Number Slow UI thread: 19
Number Slow bitmap uploads: 0
Number Slow issue draw commands: 27
Number Frame deadline missed: 27
Number Frame deadline missed (legacy): 47
HISTOGRAM: 5ms=0 6ms=0 7ms=0 8ms=0 9ms=0 10ms=1 11ms=1 12ms=4 13ms=5 14ms=5 15ms=5 16ms=7 17ms=5 18ms=4 19ms=5 20ms=3 21ms=2 22ms=1 23ms=2 24ms=2 25ms=5 26ms=3 27ms=1 28ms=3 29ms=2 30ms=0 31ms=0 32ms=4 34ms=1 36ms=2 38ms=2 40ms=2 42ms=1 44ms=1 46ms=1 48ms=0 53ms=0 57ms=2 61ms=0 65ms=0 69ms=0 73ms=1 77ms=0 81ms=2 85ms=0 89ms=0 93ms=0 97ms=0 101ms=0 105ms=0 109ms=1 113ms=0 117ms=0 121ms=0 125ms=1 129ms=0 133ms=0 150ms=1 200ms=0 250ms=0 300ms=0 350ms=0 400ms=0 450ms=0 500ms=0 550ms=0 600ms=0 650ms=0 700ms=0 750ms=0 800ms=0 850ms=0 900ms=0 950ms=0 1000ms=0 1050ms=0 1100ms=0 1150ms=0 1200ms=0 1250ms=0 1300ms=0 1350ms=0 1400ms=0 1450ms=0 1500ms=0 1550ms=0 1600ms=0 1650ms=0 1700ms=0 1750ms=0 1800ms=0 1850ms=0 1900ms=0 1950ms=0 2000ms=0 2050ms=0 2100ms=0 2150ms=0 2200ms=0 2250ms=0 2300ms=0 2350ms=0 2400ms=0 2450ms=0 2500ms=0 2550ms=0 2600ms=0 2650ms=0 2700ms=0 2750ms=0 2800ms=0 2850ms=0 2900ms=0 2950ms=0 3000ms=0 3050ms=0 3100ms=0 3150ms=0 3200ms=0 3250ms=0 3300ms=0 3350ms=0 3400ms=0 3450ms=0 3500ms=0 3550ms=0 3600ms=0 3650ms=0 3700ms=0 3750ms=0 3800ms=0 3850ms=0 3900ms=0 3950ms=0 4000ms=0 4050ms=0 4100ms=0 4150ms=0 4200ms=0 4250ms=0 4300ms=0 4350ms=0 4400ms=0 4450ms=0 4500ms=0 4550ms=0 4600ms=0 4650ms=0 4700ms=0 4750ms=0 4800ms=0 4850ms=0 4900ms=0 4950ms=0
50th gpu percentile: 7ms
90th gpu percentile: 10ms
95th gpu percentile: 12ms
99th gpu percentile: 16ms
GPU HISTOGRAM: 1ms=0 2ms=0 3ms=0 4ms=4 5ms=16 6ms=16 7ms=13 8ms=18 9ms=7 10ms=6 11ms=3 12ms=2 13ms=0 14ms=1 15ms=0 16ms=2 17ms=0 18ms=0 19ms=0 20ms=0 21ms=0 22ms=0 23ms=0 24ms=0 25ms=0 4950ms=0

Pipeline=Skia (OpenGL)
Memory policy:
  Max surface area: 2583360
  Max resource usage: 372.00MB (x144)
  Background retention: 50% (altUiHidden = true)
  GPU Context timeout: 10
Contexts: 1 (stopped = 0)
CPU Caches:
  Glyph Cache: 838.72 KB (1 entry)
  Shadows: 132.62 KB (45 entries)
  Glyph Count: 80 
Total CPU memory usage:
  994646 bytes, 971.33 KB (0.00 bytes is purgeable)
GPU Caches:
  SW Path Mask:
    Texture: 3.04 MB (10 entries)
  Other:
    Other: 44.12 KB (1 entry)
    Buffer Object: 2.50 KB (4 entries)
    StencilAttachment: 192.00 KB (2 entries)
  Image:
    Texture: 45.93 MB (21 entries)
  Scratch:
    RenderTarget: 57.20 MB (42 entries)
    Texture: 2.00 MB (2 entries)
    Buffer Object: 78.03 KB (3 entries)
Total GPU memory usage:
  113752208 bytes, 108.48 MB (98.04 MB is purgeable)

GraphicBufferAllocator buffers:
            Handle |         Size |     W (Stride) x H | Layers |   Format |      Usage | Requestor
0xb400006cf1481200 | 10166.00 KiB | 1080 (1088) x 2392 |      1 |        1 | 0x40000000000b00 | VRI[MainActivity]#0(BLAST Consumer)0:com.folio.reader
0xb400006cf1481480 | 10166.00 KiB | 1080 (1088) x 2392 |      1 |        1 | 0x40000000000b00 | VRI[MainActivity]#0(BLAST Consumer)0:com.folio.reader
0xb400006cf15141c0 | 10166.00 KiB | 1080 (1088) x 2392 |      1 |        1 | 0x40000000000b00 | VRI[MainActivity]#0(BLAST Consumer)0:com.folio.reader
0xb400006cf1514300 | 10166.00 KiB | 1080 (1088) x 2392 |      1 |        1 | 0x40000000000b00 | VRI[MainActivity]#0(BLAST Consumer)0:com.folio.reader
0xb400006cf1514440 | 10166.00 KiB | 1080 (1088) x 2392 |      1 |        1 | 0x40000000000b00 | VRI[MainActivity]#0(BLAST Consumer)0:com.folio.reader
Total allocated by GraphicBufferAllocator (estimate): 50830.00 KB
Imported gralloc buffers:
+ name:VRI[MainActivity]#0(BLAST Consumer)0:com.folio.reader, id:5123896523529, size:10360.00KiB, w/h:1080x2392, usage: 0x40000000000b00, req fmt:1, fourcc/mod:875708993/576460752303423602, dataspace: 0x0, compressed: true
	planes: R/G/B/A:	 w/h:1088x2400, stride:4352 bytes, size:10608640
+ name:VRI[MainActivity]#0(BLAST Consumer)0:com.folio.reader, id:5123896523530, size:10360.00KiB, w/h:1080x2392, usage: 0x40000000000b00, req fmt:1, fourcc/mod:875708993/576460752303423602, dataspace: 0x0, compressed: true
	planes: R/G/B/A:	 w/h:1088x2400, stride:4352 bytes, size:10608640
+ name:VRI[MainActivity]#0(BLAST Consumer)0:com.folio.reader, id:5123896523528, size:10360.00KiB, w/h:1080x2392, usage: 0x40000000000b00, req fmt:1, fourcc/mod:875708993/576460752303423602, dataspace: 0x0, compressed: true
	planes: R/G/B/A:	 w/h:1088x2400, stride:4352 bytes, size:10608640
+ name:VRI[MainActivity]#0(BLAST Consumer)0:com.folio.reader, id:5123896523527, size:10360.00KiB, w/h:1080x2392, usage: 0x40000000000b00, req fmt:1, fourcc/mod:875708993/576460752303423602, dataspace: 0x0, compressed: true
	planes: R/G/B/A:	 w/h:1088x2400, stride:4352 bytes, size:10608640
+ name:VRI[MainActivity]#0(BLAST Consumer)0:com.folio.reader, id:5123896523526, size:10360.00KiB, w/h:1080x2392, usage: 0x40000000000b00, req fmt:1, fourcc/mod:875708993/576460752303423602, dataspace: 0x0, compressed: true
	planes: R/G/B/A:	 w/h:1088x2400, stride:4352 bytes, size:10608640
Total imported by gralloc: 51800.00KiB

Profile data in ms:

	com.folio.reader/com.folio.reader.MainActivity/android.view.ViewRootImpl@4c7a6d0 (visibility=0)
Window: com.folio.reader/com.folio.reader.MainActivity
Stats since: 387693270255492ns
Total frames rendered: 88
Janky frames: 27 (30.68%)
Janky frames (legacy): 79 (89.77%)
50th percentile: 20ms
90th percentile: 46ms
95th percentile: 81ms
99th percentile: 150ms
Number Missed Vsync: 4
Number High input latency: 100
Number Slow UI thread: 19
Number Slow bitmap uploads: 0
Number Slow issue draw commands: 27
Number Frame deadline missed: 27
Number Frame deadline missed (legacy): 47
HISTOGRAM: 5ms=0 6ms=0 7ms=0 8ms=0 9ms=0 10ms=1 11ms=1 12ms=4 13ms=5 14ms=5 15ms=5 16ms=7 17ms=5 18ms=4 19ms=5 20ms=3 21ms=2 22ms=1 23ms=2 24ms=2 25ms=5 26ms=3 27ms=1 28ms=3 29ms=2 30ms=0 31ms=0 32ms=4 34ms=1 36ms=2 38ms=2 40ms=2 42ms=1 44ms=1 46ms=1 48ms=0 53ms=0 57ms=2 61ms=0 65ms=0 69ms=0 73ms=1 77ms=0 81ms=2 85ms=0 89ms=0 93ms=0 97ms=0 101ms=0 105ms=0 109ms=1 113ms=0 117ms=0 121ms=0 125ms=1 129ms=0 133ms=0 150ms=1 200ms=0 250ms=0 300ms=0 350ms=0 400ms=0 450ms=0 500ms=0 550ms=0 600ms=0 650ms=0 700ms=0 750ms=0 800ms=0 850ms=0 900ms=0 950ms=0 1000ms=0 1050ms=0 1100ms=0 1150ms=0 1200ms=0 1250ms=0 1300ms=0 1350ms=0 1400ms=0 1450ms=0 1500ms=0 1550ms=0 1600ms=0 1650ms=0 1700ms=0 1750ms=0 1800ms=0 1850ms=0 1900ms=0 1950ms=0 2000ms=0 2050ms=0 2100ms=0 2150ms=0 2200ms=0 2250ms=0 2300ms=0 2350ms=0 2400ms=0 2450ms=0 2500ms=0 2550ms=0 2600ms=0 2650ms=0 2700ms=0 2750ms=0 2800ms=0 2850ms=0 2900ms=0 2950ms=0 3000ms=0 3050ms=0 3100ms=0 3150ms=0 3200ms=0 3250ms=0 3300ms=0 3350ms=0 3400ms=0 3450ms=0 3500ms=0 3550ms=0 3600ms=0 3650ms=0 3700ms=0 3750ms=0 3800ms=0 3850ms=0 3900ms=0 3950ms=0 4000ms=0 4050ms=0 4100ms=0 4150ms=0 4200ms=0 4250ms=0 4300ms=0 4350ms=0 4400ms=0 4450ms=0 4500ms=0 4550ms=0 4600ms=0 4650ms=0 4700ms=0 4750ms=0 4800ms=0 4850ms=0 4900ms=0 4950ms=0
50th gpu percentile: 7ms
90th gpu percentile: 10ms
95th gpu percentile: 12ms
99th gpu percentile: 16ms
GPU HISTOGRAM: 1ms=0 2ms=0 3ms=0 4ms=4 5ms=16 6ms=16 7ms=13 8ms=18 9ms=7 10ms=6 11ms=3 12ms=2 13ms=0 14ms=1 15ms=0 16ms=2 17ms=0 18ms=0 19ms=0 20ms=0 21ms=0 22ms=0 23ms=0 24ms=0 25ms=0 4950ms=0



---PROFILEDATA---
Flags,FrameTimelineVsyncId,IntendedVsync,Vsync,InputEventId,HandleInputStart,AnimationStart,PerformTraversalsStart,DrawStart,FrameDeadline,FrameStartTime,FrameInterval,WorkloadTarget,SyncQueued,SyncStart,IssueDrawCommandsStart,SwapBuffers,FrameCompleted,DequeueBufferDuration,QueueBufferDuration,GpuCompleted,SwapBuffersCompleted,DisplayPresentTime,CommandSubmissionCompleted,
0,260669283,387693261690708,387693261690708,0,387693270518876,387693270519722,387693271929030,387693271975492,387693298509170,387693270505645,11104215,14600000,387693272367722,387693272475492,387693272617876,387693277223799,387693282990568,27923,272923,387693282990568,387693277916415,0,387693277223799,
0,260669291,387693272794923,387693272794923,0,387693273928645,387693273929030,387693274780645,387693274816107,387693309613385,387693273921261,11104215,14600000,387693275046492,387693277986568,387693278086492,387693283002568,387693289581030,23385,235616,387693289581030,387693284087415,0,387693283002568,
0,260669299,387693283888561,387693283888561,0,387693284362876,387693284363492,387693285667184,387693285711184,387693320717600,387693284350568,11104147,14600000,387693286021645,387693286110799,387693286251415,387693290699107,387693294796030,27077,227384,387693294796030,387693291297876,0,387693290699107,
0,260669307,387693294978947,387693294978947,0,387693295980107,387693295980722,387693299253338,387693299367722,387693331821747,387693295935107,11104008,14600000,387693299862492,387693299945568,387693300104722,387693305307415,387693309157876,28923,263616,387693309157876,387693306092722,0,387693305307415,
0,260669315,387693306070981,387693306070981,0,387693306670799,387693306671184,387693307969953,387693308109645,387693342925755,387693306656030,11103885,14600000,387693308572107,387693308684030,387693308835492,387693314133338,387693318872030,28615,238769,387693318872030,387693314917030,0,387693314133338,
0,260669323,387693317186703,387693317186703,0,387693318019107,387693318019722,387693318997261,387693319037568,387693354029640,387693318002876,11104030,14600000,387693319302876,387693319413030,387693319563492,387693324236338,387693329473338,28308,233231,387693329473338,387693324876338,0,387693324236338,
0,260669331,387693328289740,387693328289740,0,387693329165876,387693329166799,387693330287415,387693330328415,387693365133670,387693329149261,11104013,14600000,387693330623107,387693330758568,387693330893876,387693335759722,387693343108338,32692,236693,387693343108338,387693336476415,0,387693335759722,
0,260669339,387693339388314,387693339388314,0,387693340302568,387693340303492,387693341343799,387693341394568,387693376237683,387693340286261,11103945,14600000,387693341668645,387693341740415,387693341871184,387693347498568,387693355448415,28307,229000,387693355448415,387693348127722,0,387693347498568,
0,260669347,387693350489362,387693350489362,0,387693351528415,387693351529568,387693353836107,387693353909030,387693387341628,387693351506492,11103895,14600000,387693354485953,387693354592415,387693354779415,387693359898261,387693370497338,31077,277000,387693370497338,387693360757876,0,387693359898261,
0,260669355,387693361630416,387693361630416,0,387693362827184,387693362828107,387693364174568,387693364220107,387693398445523,387693362811722,11104408,14600000,387693364556415,387693364675415,387693364835492,387693370460338,387693378420338,29154,283462,387693378420338,387693371124645,0,387693370460338,
0,260669363,387693372736817,387693372736817,0,387693373457338,387693373457953,387693374674799,387693374731415,387693409549931,387693373441568,11104423,14600000,387693377791107,387693377958261,387693378141568,387693382661338,387693387918492,26769,268308,387693387918492,387693383405261,0,387693382661338,
0,260669371,387693383836029,387693383836029,0,387693384678261,387693384678876,387693385808107,387693385855107,387693420654354,387693384667107,11104343,14600000,387693386188645,387693386264338,387693386404953,387693391000030,387693397834492,28615,237923,387693397834492,387693391699415,0,387693391000030,
0,260669379,387693394944278,387693394944278,0,387693395876722,387693395877338,387693397559492,387693397638568,387693431758697,387693395863107,11104369,14600000,387693398218568,387693398394184,387693398541953,387693403247184,387693411141030,28231,232846,387693411141030,387693403986799,0,387693403247184,
0,260669387,387693406054290,387693406054290,0,387693406845338,387693406846261,387693407809261,387693407859722,387693442863066,387693406833953,11104517,14600000,387693408190799,387693408267184,387693408386261,387693413326492,387693422988722,31077,223461,387693422988722,387693413985338,0,387693413326492,
0,260669395,387693417174322,387693417174322,0,387693417897568,387693417898184,387693418976415,387693419066261,387693453967583,387693417885338,11104774,14600000,387693419696030,387693419819107,387693419965953,387693425577261,387693434849568,31308,215692,387693434849568,387693426192107,0,387693425577261,
0,260669403,387693428270121,387693428270121,0,387693429242568,387693429243415,387693430204722,387693430243492,387693465072357,387693429231415,11104442,14600000,387693430473261,387693430569261,387693430700415,387693438381876,387693449648645,30461,250461,387693449648645,387693439054876,0,387693438381876,
0,260669411,387693439365008,387693439365008,0,387693439685030,387693439685645,387693440892338,387693440935107,387693476176799,387693439673568,11103962,14600000,387693441255415,387693441370184,387693441482799,387693445923415,387693459453953,23385,3582847,387693459453953,387693449863722,0,387693445923415,
0,260669419,387693450448103,387693450448103,0,387693451102568,387693451103184,387693452099107,387693452136722,387693487280761,387693451093030,11102867,14600000,387693452398492,387693452486492,387693452652645,387693459293645,387693466420338,28616,284231,387693466420338,387693460163492,0,387693459293645,
0,260669427,387693461565664,387693461565664,0,387693462348415,387693462349261,387693463602799,387693463651107,387693498383628,387693462333030,11104169,14600000,387693463980722,387693464124030,387693464303415,387693469405030,387693473482261,34769,226538,387693473482261,387693470054492,0,387693469405030,
0,260669435,387693472686496,387693472686496,0,387693473739184,387693473740338,387693474996645,387693475038799,387693509487797,387693473720722,11105877,14600000,387693475408107,387693475602568,387693475775722,387693481094799,387693485325953,29154,261846,387693485325953,387693481854799,0,387693481094799,
0,260669443,387693483785584,387693483785584,0,387693485136415,387693485137338,387693486096645,387693486141645,387693520593674,387693485123184,11105361,14600000,387693490061568,387693490248415,387693490564645,387693496767415,387693502107722,43077,298692,387693502107722,387693497588953,0,387693496767415,
0,260669451,387693494900768,387693494900768,0,387693495504415,387693495505261,387693496688107,387693496760030,387693531699035,387693495492338,11105956,14600000,387693497296030,387693497660338,387693497794492,387693502936722,387693508807184,24000,227923,387693508807184,387693503632953,0,387693502936722,
0,260669459,387693505994820,387693505994820,0,387693506626568,387693506627722,387693508095799,387693508164338,387693542804991,387693506611492,11104974,14600000,387693508587415,387693508676953,387693508836107,387693514151799,387693518985568,33230,236077,387693518985568,387693514872030,0,387693514151799,
0,260669467,387693517065160,387693517065160,0,387693517706261,387693517707492,387693519312107,387693519371799,387693553909965,387693517688415,11102355,14600000,387693519784953,387693519883184,387693520045261,387693525201876,387693531299184,33462,260000,387693531299184,387693525965338,0,387693525201876,
0,260669475,387693528138714,387693528138714,0,387693528746568,387693528747415,387693530244953,387693530336722,387693565012320,387693528732722,11099848,14600000,387693530869645,387693531008107,387693531172107,387693536608030,387693545019492,31077,262154,387693545019492,387693537388030,0,387693536608030,
0,260669483,387693539230622,387693539230622,0,387693539880338,387693539881338,387693541183184,387693541229876,387693576112168,387693539865338,11099272,14600000,387693541588107,387693541708107,387693541867184,387693547316030,387693556483184,32308,201923,387693556483184,387693548051415,0,387693547316030,
0,260669491,387693550318633,387693550318633,0,387693551223184,387693551224107,387693552404645,387693552443415,387693587211440,387693551205876,11098088,14600000,387693552722876,387693552810568,387693552963799,387693557908107,387693566796953,29538,233923,387693566796953,387693558429568,0,387693557908107,
0,260669499,387693561406954,387693561406954,0,387693562067107,387693562068415,387693563555107,387693563607492,387693598309528,387693562046261,11096702,14600000,387693564313645,387693564435722,387693564593030,387693570726492,387693578714876,31769,296846,387693578714876,387693571545953,0,387693570726492,
0,260669507,387693572497127,387693572497127,0,387693573055415,387693573055799,387693574129030,387693574168107,387693609406230,387693573043184,11095522,14600000,387693574469645,387693574578799,387693574707107,387693579387184,387693586416722,32539,223385,387693586416722,387693580181338,0,387693579387184,
0,260669515,387693583619710,387693583619710,0,387693584996722,387693584997338,387693585578876,387693585621645,387693620501752,387693584981876,11098479,14600000,387693585962184,387693586058568,387693586228415,387693591663492,387693597260030,31077,275077,387693597260030,387693592444415,0,387693591663492,
0,260669523,387693594714737,387693594714737,0,387693595154261,387693595154876,387693595582492,387693595627107,387693631600231,387693595143107,11098203,14600000,387693599320953,387693599469338,387693599666261,387693604734261,387693612600030,31615,295615,387693612600030,387693605576415,0,387693604734261,
0,260669531,387693605800089,387693605800089,0,387693606516415,387693606517030,387693607073261,387693607110492,387693642698434,387693606503415,11096906,14600000,387693607436953,387693607520107,387693607633876,387693611938876,387693620865261,23154,431692,387693620865261,387693612806876,0,387693611938876,
0,260669539,387693616898958,387693616898958,-442456533,387693620725568,387693620726492,387693622234799,387693622280338,387693653795340,387693620707415,11097085,14600000,387693622620953,387693622717261,387693622837953,387693627212953,387693633458184,26769,253924,387693633458184,387693627901261,0,387693627212953,
0,260669547,387693627999796,387693627999796,-1064805764,387693635235415,387693635235799,387693641926799,387693641985261,387693664892425,387693635221876,11097429,14600000,387693646433338,387693646534492,387693646667492,387693652862876,387693662000645,25230,304693,387693662000645,387693653720415,0,387693652862876,
0,260669555,387693639123033,387693639123033,0,387693650037568,387693650038184,387693677464030,387693677520953,387693675989854,387693650026799,11100099,14600000,387693712474492,387693712560953,387693712760338,387693716404953,387693722187722,32615,450846,387693722187722,387693717742184,0,387693716404953,
0,260669563,387693650218231,387693716816275,0,387693724079415,387693724080338,387693734348645,387693734419107,387693742523825,387693723585645,11099674,14600000,387693752125645,387693752262876,387693752543722,387693771920722,387693777448722,44923,287384,387693777448722,387693772757876,0,387693771920722,
0,260669579,387693727926998,387693761226188,0,387693763308338,387693763309030,387693768163184,387693768224107,387693798014319,387693763250876,11099730,14600000,387693774469645,387693774579107,387693774764338,387693779539107,387693784247415,40384,272077,387693784247415,387693780663107,0,387693779539107,
0,260669586,387693772325918,387693772325918,0,387693780414799,387693780415492,387693788600030,387693788651415,387693809114049,387693780403799,11099730,14600000,387693837657030,387693838137030,387693838741338,387693849557953,387693854540030,42692,265231,387693854540030,387693850264722,0,387693849557953,
0,260669594,387693783461295,387693850068267,0,387693851367107,387693851367722,387693866062261,387693866293261,387693875723758,387693850995799,11101162,14600000,387693883734876,387693883852722,387693884124107,387693931945338,387693936155799,28000,359692,387693936155799,387693932985953,0,387693931945338,
0,260669617,387693861321979,387693927963919,0,387693935844107,387693935844722,387693942308338,387693942379107,387693953477563,387693935220645,11106990,14600000,387693954879107,387693955016953,387693955265568,387693965513568,387693969610184,32538,301000,387693969610184,387693966372645,0,387693965513568,
0,260669631,387693939070909,387693961284889,0,387693962012722,387693962013876,387693969215184,387693969275107,387693986991879,387693961894492,11106990,14600000,387693984058492,387693984207492,387693984656645,387694006375799,387694014677876,36308,463615,387694014677876,387694007799415,0,387694006375799,
0,260669639,387693972397663,387693983504991,0,387693994007415,387693994008415,387693997241261,387693997308722,387694031419839,387693993917953,11107328,14600000,387694008887722,387694009038568,387694009462184,387694023108722,387694030012338,40538,551693,387694030012338,387694024529030,0,387694023108722,
0,260669647,387694005666664,387694005666664,0,387694011670568,387694011671722,387694014886184,387694014937645,387694042527167,387694011660722,11105928,14600000,387694024579722,387694024653568,387694024960338,387694034507722,387694041518876,32308,283077,387694041518876,387694035259799,0,387694034507722,
0,260669655,387694016766211,387694016766211,0,387694026357568,387694026357876,387694029479722,387694029537338,387694053633095,387694026349876,11105778,14600000,387694038860953,387694038996722,387694039300722,387694050857953,387694058356722,39000,450154,387694058356722,387694051961568,0,387694050857953,
0,260669662,387694027871989,387694038977767,0,387694040615492,387694040616645,387694043337261,387694043408030,387694075789323,387694040542184,11105778,14600000,387694052634492,387694052749568,387694053104338,387694067965568,387694075039107,37154,454462,387694075039107,387694069316107,0,387694067965568,
0,260669671,387694050089161,387694050089161,0,387694055633568,387694055634184,387694058727107,387694058782184,387694086895101,387694055621876,11105943,14600000,387694070197568,387694070292338,387694070572722,387694082650184,387694089923107,28846,338769,387694089923107,387694083486568,0,387694082650184,
0,260669679,387694061181266,387694072286910,0,387694072387107,387694072388107,387694074286261,387694074353645,387694109112933,387694072312030,11105644,14600000,387694085071722,387694085173030,387694085414876,387694095920107,387694102535107,25462,254154,387694102535107,387694096811107,0,387694095920107,
0,260669687,387694083380261,387694083380261,0,387694092614799,387694092615415,387694094338261,387694094407107,387694120218577,387694092605876,11105537,14600000,387694105293338,387694105449876,387694105766184,387694113269645,387694128437568,28000,271077,387694128437568,387694114056415,0,387694113269645,
0,260669695,387694094485798,387694105591335,0,387694106872415,387694106872953,387694108598184,387694108653030,387694153507946,387694106803184,11105537,14600000,387694116884415,387694116997568,387694117227799,387694128356030,387694136637876,26769,336384,387694136637876,387694129233645,0,387694128356030,
0,260669703,387694116684710,387694116684710,0,387694118303799,387694118304107,387694119775184,387694119826261,387694164613483,387694118297338,11105207,14600000,387694128307107,387694129324645,387694129558799,387694137941568,387694143266184,27616,242461,387694143266184,387694138703799,0,387694137941568,
0,260669711,387694127771117,387694127771117,0,387694130238568,387694130239107,387694131745645,387694131794568,387694175718690,387694130232338,11104648,14600000,387694139865876,387694140073030,387694140302492,387694149029030,387694152738261,25154,282769,387694152738261,387694149803492,0,387694149029030,
0,260669719,387694138875765,387694138875765,0,387694140917338,387694140917876,387694142487799,387694142558876,387694186823338,387694140910261,11104648,14600000,387694151153030,387694151244030,387694151552338,387694158437338,387694162803492,26846,271384,387694162803492,387694159189338,0,387694158437338,
0,260669727,387694149974995,387694149974995,0,387694152229030,387694152229645,387694153823799,387694153890876,387694197927986,387694152221030,11104416,14600000,387694164604415,387694164745338,387694164969953,387694173410261,387694179543799,25846,263385,387694179543799,387694174165876,0,387694173410261,
0,260669735,387694161066455,387694161066455,0,387694165484338,387694165484722,387694166874568,387694166934876,387694209032402,387694165475799,11103945,14600000,387694175185338,387694175276338,387694175535722,387694182902261,387694189673953,28385,359307,387694189673953,387694183828107,0,387694182902261,
0,260669743,387694172163995,387694172163995,0,387694176413645,387694176414261,387694178138184,387694178202184,387694220136347,387694176404722,11103592,14600000,387694186115722,387694186285645,387694186523722,387694193267722,387694201910799,29308,269846,387694201910799,387694194090184,0,387694193267722,
0,260669751,387694183254734,387694183254734,0,387694191785953,387694191786568,387694193357876,387694193410799,387694231239939,387694191775107,11102968,14600000,387694201326492,387694201507184,387694201747107,387694209762568,387694221214799,27000,305846,387694221214799,387694210595492,0,387694209762568,
0,260669759,387694194343049,387694194343049,0,387694202781030,387694202781645,387694204356030,387694204411722,387694242342907,387694202772030,11102144,14600000,387694217745030,387694217921953,387694218368338,387694226278876,387694233656338,59154,312231,387694233656338,387694227162568,0,387694226278876,
0,260669767,387694205463088,387694216565674,0,387694219682876,387694219683722,387694221627492,387694221695492,387694253445051,387694219592953,11102586,14600000,387694230196338,387694230293338,387694230598568,387694236809261,387694242472415,32308,231385,387694242472415,387694237530492,0,387694236809261,
0,260669775,387694227652186,387694227652186,0,387694231229953,387694231230568,387694232860415,387694232927107,387694264547637,387694231222568,11101242,14600000,387694237346799,387694237611184,387694237781261,387694243075492,387694248599415,21308,280616,387694248599415,387694243709030,0,387694243075492,
0,260669783,387694238753428,387694238753428,0,387694239189953,387694239190568,387694240713645,387694240763722,387694275648879,387694239180953,11101242,14600000,387694246816415,387694246990876,387694247238799,387694253271107,387694257837953,31692,249615,387694257837953,387694253988645,0,387694253271107,
0,260669791,387694249880263,387694249880263,0,387694250400107,387694250400722,387694252088953,387694252143492,387694286750121,387694250390492,11103292,14600000,387694257777261,387694257954876,387694258149030,387694263502876,387694268751492,28924,270846,387694268751492,387694264405568,0,387694263502876,
0,260669799,387694260967194,387694260967194,0,387694261706184,387694261706799,387694262461953,387694262521876,387694297853413,387694261697338,11102243,14600000,387694267990568,387694268342568,387694268623799,387694273682799,387694279838492,26847,265847,387694279838492,387694274332953,0,387694273682799,
0,260669807,387694272065340,387694272065340,0,387694272661338,387694272662184,387694273347184,387694273392030,387694308955656,387694272649261,11102099,14600000,387694278646799,387694278866261,387694279159184,387694284950799,387694291872338,38077,230846,387694291872338,387694285572953,0,387694284950799,
0,260669815,387694283153858,387694283153858,0,387694283653261,387694283653876,387694284443722,387694284494876,387694320057755,387694283641568,11101086,14600000,387694288292645,387694288474261,387694288662492,387694293044338,387694299722492,25231,251692,387694299722492,387694293626184,0,387694293044338,
0,260669823,387694294250522,387694294250522,0,387694294701261,387694294701876,387694295397338,387694295448415,387694331158841,387694294690261,11100875,14600000,387694297602876,387694297701876,387694297967799,387694302740030,387694308727184,139077,246077,387694308727184,387694303310799,0,387694302740030,
0,260669831,387694305356633,387694305356633,0,387694305884030,387694305884645,387694306597953,387694306646799,387694342259716,387694305869876,11101464,14600000,387694308937953,387694309070876,387694309250876,387694313762492,387694321026799,25769,247769,387694321026799,387694314369953,0,387694313762492,
0,260669839,387694316461944,387694316461944,0,387694316850184,387694316850876,387694327756415,387694327808338,387694353361180,387694316836107,11101664,14600000,387694331005645,387694331140338,387694331444415,387694335571415,387694345577876,113231,392000,387694345577876,387694336278799,0,387694335571415,
0,260669847,387694327554965,387694327554965,0,387694337825569,387694337826184,387694341295107,387694341345953,387694364462844,387694337815492,11101047,14600000,387694342782492,387694342912338,387694343089953,387694346934184,387694354856415,25847,243384,387694354856415,387694347487107,0,387694346934184,
0,260669855,387694338656004,387694338656004,0,387694345285569,387694345287107,387694348919107,387694348964415,387694375563891,387694345263722,11101195,14600000,387694350161953,387694350262569,387694350437569,387694354246799,387694362541645,28000,446153,387694362541645,387694355058799,0,387694354246799,
0,260669893,387694460854840,387694460854840,0,387694462229261,387694462231184,387694462364645,387694462497645,387694475454840,387694462198184,11104423,14600000,387694465200107,387694465405876,387694465725338,387694471139492,387694478800645,43384,632307,387694478800645,387694472419492,0,387694471139492,
0,260669915,387694571873925,387694571873925,0,387694573325261,387694573326876,387694573476338,387694573630569,387694586473925,387694573285338,11103657,14600000,387694576774799,387694577160645,387694577977953,387694589273261,387694598707799,121615,485539,387694598707799,387694590632953,0,387694589273261,
0,260669930,387694682927694,387694682927694,0,387694684321338,387694684322876,387694684432645,387694684568415,387694697527694,387694684287415,11104101,14600000,387694690237569,387694690620338,387694691250799,387694699936645,387694715826799,116847,399077,387694715826799,387694701101261,0,387694699936645,
0,260669945,387694794000123,387694794000123,0,387694795389645,387694795391184,387694795525876,387694795686799,387694808600123,387694795345645,11104702,14600000,387694800970261,387694801367722,387694801955184,387694812808645,387694819992107,59692,917231,387694819992107,387694814660338,0,387694812808645,
0,260669967,387694905015422,387694905015422,0,387694905897569,387694905899415,387694906009953,387694906146261,387694919615422,387694905864645,11104100,14600000,387694911038492,387694911385569,387694911989030,387694926158876,387694930613876,98462,833308,387694930613876,387694928344645,0,387694926158876,
0,260669989,387695016188187,387695016188187,0,387695017127415,387695017129030,387695017245645,387695017390492,387695030788187,387695017096645,11106286,14600000,387695022452722,387695022810799,387695023380338,387695036921876,387695041931107,91616,753615,387695041931107,387695038715415,0,387695036921876,
0,260670004,387695127222364,387695127222364,0,387695128625338,387695128626799,387695128744338,387695128856645,387695141822364,387695128596722,11105892,14600000,387695132401569,387695132781261,387695133473338,387695148991107,387695153004953,128615,657462,387695153004953,387695150493338,0,387695148991107,
0,260670019,387695238249492,387695238249492,0,387695239287492,387695239289030,387695239392338,387695239528722,387695252849492,387695239251107,11105580,14600000,387695244669261,387695245168030,387695245806799,387695260413261,387695264786569,91077,734538,387695264786569,387695262108722,0,387695260413261,
0,260670041,387695349281960,387695349281960,0,387695349918569,387695349920030,387695350015184,387695350122261,387695363881960,387695349889953,11105330,14600000,387695354089645,387695354213645,387695354407107,387695365161876,387695370330261,31384,254385,387695370330261,387695365831184,0,387695365161876,
0,260670056,387695460299092,387695460299092,0,387695461470184,387695461471722,387695461630799,387695461765338,387695474899092,387695461435799,11104947,14600000,387695466634876,387695466972030,387695467299799,387695474465338,387695481037953,56924,480385,387695481037953,387695475560030,0,387695474465338,
0,260670071,387695571330377,387695571330377,0,387695571851799,387695571852338,387695571882492,387695571925261,387695585930377,387695571838261,11104756,14600000,387695573241645,387695573356645,387695573531722,387695577522261,387695586972953,29000,296000,387695586972953,387695578180107,0,387695577522261,
0,260670086,387695682354709,387695682354709,0,387695683068646,387695683069953,387695683185646,387695683299799,387695696954709,387695683041261,11104526,14600000,387695686119184,387695686261646,387695686487492,387695694854492,387695705197569,33000,496615,387695705197569,387695696186184,0,387695694854492,
0,260670108,387695793382498,387695793382498,0,387695794563415,387695794564953,387695794672338,387695794812030,387695807982498,387695794528030,11104346,14600000,387695799610184,387695799961953,387695800703722,387695813837338,387695820584338,101308,1085154,387695820584338,387695816690799,0,387695813837338,
0,260670130,387695904411833,387695904411833,0,387695905492338,387695905493876,387695905589876,387695905696338,387695919011833,387695905461876,11104202,14600000,387695908970569,387695909423799,387695910019722,387695924870261,387695928865338,98154,770538,387695928865338,387695926797261,0,387695924870261,
0,260670145,387696015443949,387696015443949,0,387696016220107,387696016221569,387696016284646,387696016375799,387696030043949,387696016192338,11104110,14600000,387696019624107,387696019848415,387696020230261,387696029085261,387696034931722,41000,840616,387696034931722,387696030934184,0,387696029085261,
0,260670160,387696126473652,387696126473652,0,387696128411107,387696128414261,387696128646569,387696128863722,387696141073652,387696128362492,11103978,14600000,387696137733953,387696138405953,387696138926876,387696155313030,387696160177030,76616,1307077,387696160177030,387696158896107,0,387696155313030,
0,260670175,387696237504372,387696237504372,0,387696238690876,387696238692338,387696238790799,387696238961338,387696252104372,387696238657953,11103860,14600000,387696244548415,387696245163415,387696245845953,387696262544953,387696266436953,103077,1204000,387696266436953,387696266029338,0,387696262544953,
0,260670190,387696348538226,387696348538226,0,387696350118569,387696350121030,387696350426876,387696351658261,387696363138226,387696350057338,11103803,14600000,387696361902492,387696362299415,387696362895492,387696377646876,387696382496107,110154,833923,387696382496107,387696379741646,0,387696377646876,
---PROFILEDATA---


View hierarchy:

  com.folio.reader/com.folio.reader.MainActivity/android.view.ViewRootImpl@4c7a6d0
  6 views, 11.86 kB of render nodes


Total ViewRootImpl   : 1
Total attached Views : 6
Total RenderNode     : 11.86 kB (used) / 35.93 kB (capacity)


