Applications Graphics Acceleration Info:
Uptime: 387721379 Realtime: 400638244

** Graphics info for pid 32570 [com.folio.reader] **

Stats since: 387718314758801ns
Total frames rendered: 82
Janky frames: 29 (35.37%)
Janky frames (legacy): 72 (87.80%)
50th percentile: 28ms
90th percentile: 46ms
95th percentile: 61ms
99th percentile: 133ms
Number Missed Vsync: 8
Number High input latency: 86
Number Slow UI thread: 29
Number Slow bitmap uploads: 0
Number Slow issue draw commands: 28
Number Frame deadline missed: 29
Number Frame deadline missed (legacy): 49
HISTOGRAM: 5ms=0 6ms=0 7ms=0 8ms=0 9ms=0 10ms=0 11ms=2 12ms=1 13ms=5 14ms=2 15ms=3 16ms=3 17ms=4 18ms=3 19ms=4 20ms=3 21ms=0 22ms=0 23ms=1 24ms=3 25ms=3 26ms=3 27ms=1 28ms=3 29ms=0 30ms=4 31ms=4 32ms=2 34ms=4 36ms=5 38ms=5 40ms=1 42ms=2 44ms=2 46ms=2 48ms=1 53ms=0 57ms=1 61ms=1 65ms=0 69ms=0 73ms=0 77ms=0 81ms=1 85ms=0 89ms=0 93ms=0 97ms=1 101ms=0 105ms=1 109ms=0 113ms=0 117ms=0 121ms=0 125ms=0 129ms=0 133ms=1 150ms=0 200ms=0 250ms=0 300ms=0 350ms=0 400ms=0 450ms=0 500ms=0 550ms=0 600ms=0 650ms=0 700ms=0 750ms=0 800ms=0 850ms=0 900ms=0 950ms=0 1000ms=0 1050ms=0 1100ms=0 1150ms=0 1200ms=0 1250ms=0 1300ms=0 1350ms=0 1400ms=0 1450ms=0 1500ms=0 1550ms=0 1600ms=0 1650ms=0 1700ms=0 1750ms=0 1800ms=0 1850ms=0 1900ms=0 1950ms=0 2000ms=0 2050ms=0 2100ms=0 2150ms=0 2200ms=0 2250ms=0 2300ms=0 2350ms=0 2400ms=0 2450ms=0 2500ms=0 2550ms=0 2600ms=0 2650ms=0 2700ms=0 2750ms=0 2800ms=0 2850ms=0 2900ms=0 2950ms=0 3000ms=0 3050ms=0 3100ms=0 3150ms=0 3200ms=0 3250ms=0 3300ms=0 3350ms=0 3400ms=0 3450ms=0 3500ms=0 3550ms=0 3600ms=0 3650ms=0 3700ms=0 3750ms=0 3800ms=0 3850ms=0 3900ms=0 3950ms=0 4000ms=0 4050ms=0 4100ms=0 4150ms=0 4200ms=0 4250ms=0 4300ms=0 4350ms=0 4400ms=0 4450ms=0 4500ms=0 4550ms=0 4600ms=0 4650ms=0 4700ms=0 4750ms=0 4800ms=0 4850ms=0 4900ms=0 4950ms=0
50th gpu percentile: 7ms
90th gpu percentile: 11ms
95th gpu percentile: 12ms
99th gpu percentile: 14ms
GPU HISTOGRAM: 1ms=0 2ms=0 3ms=7 4ms=6 5ms=15 6ms=13 7ms=12 8ms=9 9ms=6 10ms=5 11ms=4 12ms=4 13ms=0 14ms=1 15ms=0 16ms=0 17ms=0 18ms=0 19ms=0 20ms=0 21ms=0 22ms=0 23ms=0 24ms=0 25ms=0 4950ms=0

Pipeline=Skia (OpenGL)
Memory policy:
  Max surface area: 2583360
  Max resource usage: 372.00MB (x144)
  Background retention: 50% (altUiHidden = true)
  GPU Context timeout: 10
Contexts: 1 (stopped = 0)
CPU Caches:
  Glyph Cache: 938.88 KB (1 entry)
  Shadows: 153.56 KB (51 entries)
  Glyph Count: 82 
Total CPU memory usage:
  1118657 bytes, 1.07 MB (0.00 bytes is purgeable)
GPU Caches:
  SW Path Mask:
    Texture: 3.04 MB (10 entries)
  Other:
    Other: 48.69 KB (1 entry)
    Buffer Object: 2.50 KB (4 entries)
    StencilAttachment: 192.00 KB (2 entries)
  Image:
    Texture: 45.92 MB (20 entries)
  Scratch:
    RenderTarget: 57.30 MB (41 entries)
    Texture: 2.00 MB (2 entries)
    Buffer Object: 78.03 KB (3 entries)
Total GPU memory usage:
  113851216 bytes, 108.58 MB (98.14 MB is purgeable)

GraphicBufferAllocator buffers:
            Handle |         Size |     W (Stride) x H | Layers |   Format |      Usage | Requestor
0xb400006f97119d00 | 10166.00 KiB | 1080 (1088) x 2392 |      1 |        1 | 0x40000000000b00 | VRI[MainActivity]#0(BLAST Consumer)0:com.folio.reader
0xb400006f97119f80 | 10166.00 KiB | 1080 (1088) x 2392 |      1 |        1 | 0x40000000000b00 | VRI[MainActivity]#0(BLAST Consumer)0:com.folio.reader
0xb400006f9711a0c0 | 10166.00 KiB | 1080 (1088) x 2392 |      1 |        1 | 0x40000000000b00 | VRI[MainActivity]#0(BLAST Consumer)0:com.folio.reader
0xb400006f9711a200 | 10166.00 KiB | 1080 (1088) x 2392 |      1 |        1 | 0x40000000000b00 | VRI[MainActivity]#0(BLAST Consumer)0:com.folio.reader
0xb400006f9711a340 | 10166.00 KiB | 1080 (1088) x 2392 |      1 |        1 | 0x40000000000b00 | VRI[MainActivity]#0(BLAST Consumer)0:com.folio.reader
Total allocated by GraphicBufferAllocator (estimate): 50830.00 KB
Imported gralloc buffers:
+ name:VRI[MainActivity]#0(BLAST Consumer)0:com.folio.reader, id:5123896523566, size:10360.00KiB, w/h:1080x2392, usage: 0x40000000000b00, req fmt:1, fourcc/mod:875708993/576460752303423602, dataspace: 0x0, compressed: true
	planes: R/G/B/A:	 w/h:1088x2400, stride:4352 bytes, size:10608640
+ name:VRI[MainActivity]#0(BLAST Consumer)0:com.folio.reader, id:5123896523565, size:10360.00KiB, w/h:1080x2392, usage: 0x40000000000b00, req fmt:1, fourcc/mod:875708993/576460752303423602, dataspace: 0x0, compressed: true
	planes: R/G/B/A:	 w/h:1088x2400, stride:4352 bytes, size:10608640
+ name:VRI[MainActivity]#0(BLAST Consumer)0:com.folio.reader, id:5123896523564, size:10360.00KiB, w/h:1080x2392, usage: 0x40000000000b00, req fmt:1, fourcc/mod:875708993/576460752303423602, dataspace: 0x0, compressed: true
	planes: R/G/B/A:	 w/h:1088x2400, stride:4352 bytes, size:10608640
+ name:VRI[MainActivity]#0(BLAST Consumer)0:com.folio.reader, id:5123896523563, size:10360.00KiB, w/h:1080x2392, usage: 0x40000000000b00, req fmt:1, fourcc/mod:875708993/576460752303423602, dataspace: 0x0, compressed: true
	planes: R/G/B/A:	 w/h:1088x2400, stride:4352 bytes, size:10608640
+ name:VRI[MainActivity]#0(BLAST Consumer)0:com.folio.reader, id:5123896523562, size:10360.00KiB, w/h:1080x2392, usage: 0x40000000000b00, req fmt:1, fourcc/mod:875708993/576460752303423602, dataspace: 0x0, compressed: true
	planes: R/G/B/A:	 w/h:1088x2400, stride:4352 bytes, size:10608640
Total imported by gralloc: 51800.00KiB

Profile data in ms:

	com.folio.reader/com.folio.reader.MainActivity/android.view.ViewRootImpl@9a6864 (visibility=0)
Window: com.folio.reader/com.folio.reader.MainActivity
Stats since: 387718314757955ns
Total frames rendered: 82
Janky frames: 29 (35.37%)
Janky frames (legacy): 72 (87.80%)
50th percentile: 28ms
90th percentile: 46ms
95th percentile: 61ms
99th percentile: 133ms
Number Missed Vsync: 8
Number High input latency: 86
Number Slow UI thread: 29
Number Slow bitmap uploads: 0
Number Slow issue draw commands: 28
Number Frame deadline missed: 29
Number Frame deadline missed (legacy): 49
HISTOGRAM: 5ms=0 6ms=0 7ms=0 8ms=0 9ms=0 10ms=0 11ms=2 12ms=1 13ms=5 14ms=2 15ms=3 16ms=3 17ms=4 18ms=3 19ms=4 20ms=3 21ms=0 22ms=0 23ms=1 24ms=3 25ms=3 26ms=3 27ms=1 28ms=3 29ms=0 30ms=4 31ms=4 32ms=2 34ms=4 36ms=5 38ms=5 40ms=1 42ms=2 44ms=2 46ms=2 48ms=1 53ms=0 57ms=1 61ms=1 65ms=0 69ms=0 73ms=0 77ms=0 81ms=1 85ms=0 89ms=0 93ms=0 97ms=1 101ms=0 105ms=1 109ms=0 113ms=0 117ms=0 121ms=0 125ms=0 129ms=0 133ms=1 150ms=0 200ms=0 250ms=0 300ms=0 350ms=0 400ms=0 450ms=0 500ms=0 550ms=0 600ms=0 650ms=0 700ms=0 750ms=0 800ms=0 850ms=0 900ms=0 950ms=0 1000ms=0 1050ms=0 1100ms=0 1150ms=0 1200ms=0 1250ms=0 1300ms=0 1350ms=0 1400ms=0 1450ms=0 1500ms=0 1550ms=0 1600ms=0 1650ms=0 1700ms=0 1750ms=0 1800ms=0 1850ms=0 1900ms=0 1950ms=0 2000ms=0 2050ms=0 2100ms=0 2150ms=0 2200ms=0 2250ms=0 2300ms=0 2350ms=0 2400ms=0 2450ms=0 2500ms=0 2550ms=0 2600ms=0 2650ms=0 2700ms=0 2750ms=0 2800ms=0 2850ms=0 2900ms=0 2950ms=0 3000ms=0 3050ms=0 3100ms=0 3150ms=0 3200ms=0 3250ms=0 3300ms=0 3350ms=0 3400ms=0 3450ms=0 3500ms=0 3550ms=0 3600ms=0 3650ms=0 3700ms=0 3750ms=0 3800ms=0 3850ms=0 3900ms=0 3950ms=0 4000ms=0 4050ms=0 4100ms=0 4150ms=0 4200ms=0 4250ms=0 4300ms=0 4350ms=0 4400ms=0 4450ms=0 4500ms=0 4550ms=0 4600ms=0 4650ms=0 4700ms=0 4750ms=0 4800ms=0 4850ms=0 4900ms=0 4950ms=0
50th gpu percentile: 7ms
90th gpu percentile: 11ms
95th gpu percentile: 12ms
99th gpu percentile: 14ms
GPU HISTOGRAM: 1ms=0 2ms=0 3ms=7 4ms=6 5ms=15 6ms=13 7ms=12 8ms=9 9ms=6 10ms=5 11ms=4 12ms=4 13ms=0 14ms=1 15ms=0 16ms=0 17ms=0 18ms=0 19ms=0 20ms=0 21ms=0 22ms=0 23ms=0 24ms=0 25ms=0 4950ms=0



---PROFILEDATA---
Flags,FrameTimelineVsyncId,IntendedVsync,Vsync,InputEventId,HandleInputStart,AnimationStart,PerformTraversalsStart,DrawStart,FrameDeadline,FrameStartTime,FrameInterval,WorkloadTarget,SyncQueued,SyncStart,IssueDrawCommandsStart,SwapBuffers,FrameCompleted,DequeueBufferDuration,QueueBufferDuration,GpuCompleted,SwapBuffersCompleted,DisplayPresentTime,CommandSubmissionCompleted,
0,260681184,387718340283955,387718340283955,0,387718340687801,387718340688647,387718351028647,387718351089570,387718354883955,387718340672108,11103416,14600000,387718358194801,387718358522878,387718358930801,387718368473955,387718378627416,59769,348923,387718378627416,387718369255724,0,387718368473955,
0,260681191,387718351387371,387718362490787,0,387718367257955,387718367258570,387718369709955,387718369763416,387718399297619,387718367208724,11103416,14600000,387718370880724,387718371046801,387718371215493,387718377864416,387718387104031,37538,479153,387718387104031,387718378811416,0,387718377864416,
0,260681198,387718373594203,387718373594203,0,387718375306570,387718375307185,387718375819416,387718375865339,387718410401035,387718375293339,11103416,14600000,387718376216339,387718378883416,387718379012416,387718385174185,387718393338262,18769,1715693,387718393338262,387718387347108,0,387718385174185,
0,260681206,387718384745082,387718384745082,0,387718385511185,387718385511801,387718388976031,387718389126493,387718421504451,387718385461647,11103863,14600000,387718389560108,387718389682570,387718389854493,387718395399493,387718399335185,32692,337846,387718399335185,387718396299185,0,387718395399493,
0,260681214,387718395848945,387718395848945,0,387718396617339,387718396618262,387718397674185,387718397725955,387718432608314,387718396605262,11103863,14600000,387718399680955,387718399801570,387718399992416,387718405501031,387718409724955,31000,269461,387718409724955,387718406294801,0,387718405501031,
0,260681222,387718406937931,387718406937931,0,387718407601955,387718407602493,387718408908031,387718408968647,387718443712177,387718407588416,11103658,14600000,387718409329647,387718409470493,387718409638262,387718417868108,387718422585955,36923,275692,387718422585955,387718418768108,0,387718417868108,
0,260681230,387718418034579,387718418034579,0,387718419108647,387718419109262,387718420183801,387718420225339,387718454815835,387718419097647,11103536,14600000,387718420452031,387718420532647,387718420663185,387718425484955,387718430427108,28077,284077,387718430427108,387718426374878,0,387718425484955,
0,260681238,387718429152178,387718429152178,0,387718430022878,387718430023493,387718431117955,387718431180647,387718465919371,387718430007185,11103656,14600000,387718431594801,387718431780031,387718431985570,387718438166801,387718445794878,53000,279077,387718445794878,387718438992108,0,387718438166801,
0,260681246,387718440249483,387718440249483,0,387718441040339,387718441040724,387718442348416,387718442416724,387718477023027,387718441026185,11103714,14600000,387718442831416,387718442945955,387718443076724,387718447848647,387718457581955,29769,213153,387718457581955,387718448672031,0,387718447848647,
0,260681254,387718451379060,387718451379060,0,387718452391493,387718452392416,387718453641878,387718453679493,387718488126741,387718452376955,11104149,14600000,387718454003493,387718454106493,387718454264031,387718461487724,387718472144724,27461,254846,387718472144724,387718462133878,0,387718461487724,
0,260681262,387718462484584,387718462484584,0,387718463435801,387718463436416,387718464544339,387718464592031,387718499230890,387718463423185,11104417,14600000,387718464866493,387718464950570,387718465065955,387718469716031,387718481095724,29615,2209231,387718481095724,387718472438185,0,387718469716031,
0,260681270,387718473577004,387718473577004,0,387718474307801,387718474308416,387718475348339,387718475383185,387718510335307,387718474296031,11104258,14600000,387718475622878,387718475724031,387718475864108,387718480542493,387718487068955,30769,424846,387718487068955,387718481563724,0,387718480542493,
0,260681278,387718484670014,387718484670014,0,387718485498493,387718485498878,387718486490570,387718486524647,387718521439565,387718485486878,11104043,14600000,387718486934801,387718487047416,387718487173031,387718491828031,387718496264724,27077,226384,387718496264724,387718492674262,0,387718491828031,
0,260681286,387718495783622,387718495783622,0,387718496708647,387718496709339,387718498019801,387718498089570,387718532543608,387718496690878,11104097,14600000,387718498485878,387718498629647,387718498800724,387718505462493,387718510720108,33308,247000,387718510720108,387718506202493,0,387718505462493,
0,260681294,387718506893166,387718506893166,0,387718507696339,387718507696724,387718508606878,387718508672031,387718543647705,387718507682801,11104046,14600000,387718510665262,387718510769339,387718510960031,387718517291801,387718524147416,33154,328308,387718524147416,387718518281262,0,387718517291801,
0,260681302,387718518000275,387718518000275,0,387718518612955,387718518613647,387718519640416,387718519682878,387718554751751,387718518599493,11104559,14600000,387718519944339,387718520096416,387718520258570,387718525156724,387718531741339,31692,235308,387718531741339,387718525878570,0,387718525156724,
0,260681310,387718529097273,387718529097273,0,387718530215416,387718530216108,387718531308724,387718531363185,387718565856310,387718530200416,11104334,14600000,387718531627801,387718531720724,387718531867724,387718536160108,387718542717647,29769,268077,387718542717647,387718536869262,0,387718536160108,
0,260681318,387718540186936,387718540186936,0,387718540598493,387718540599108,387718541647108,387718541687493,387718576960644,387718540585878,11103830,14600000,387718541964108,387718542041570,387718542197339,387718547189647,387718555692724,39077,214692,387718555692724,387718547739416,0,387718547189647,
0,260681326,387718551296228,387718551296228,0,387718552154570,387718552155416,387718553478493,387718553525647,387718588064474,387718552131801,11104485,14600000,387718553857262,387718553944108,387718554094262,387718558985031,387718568307801,33231,260923,387718568307801,387718559627493,0,387718558985031,
0,260681334,387718562405457,387718562405457,0,387718563125570,387718563126801,387718564495108,387718564541262,387718599168959,387718563105031,11104430,14600000,387718564963801,387718565068108,387718565244108,387718570158801,387718578885647,32307,236384,387718578885647,387718570930185,0,387718570158801,
0,260681342,387718573489452,387718573489452,0,387718574199493,387718574200108,387718575177262,387718575229262,387718610273389,387718574188339,11103368,14600000,387718575486878,387718575617878,387718575817339,387718581845339,387718591143416,28000,273923,387718591143416,387718582629262,0,387718581845339,
0,260681350,387718584573700,387718584573700,0,387718585331108,387718585331801,387718586534262,387718586578262,387718621376757,387718585314878,11101636,14600000,387718586881031,387718587016955,387718587186570,387718592133339,387718600649647,35384,417846,387718600649647,387718593310185,0,387718592133339,
0,260681358,387718595662586,387718595662586,0,387718596177955,387718596178493,387718597053955,387718597088647,387718632478393,387718596167108,11100922,14600000,387718597294493,387718597420647,387718597556416,387718601943416,387718607773570,28000,318846,387718607773570,387718602662262,0,387718601943416,
0,260681366,387718606726306,387718606726306,0,387718607713339,387718607713955,387718608641570,387718608680955,387718643579315,387718607701031,11098017,14600000,387718608917570,387718608993647,387718609125647,387718613875416,387718619824724,27153,210076,387718619824724,387718614553955,0,387718613875416,
0,260681374,387718617845860,387718617845860,-225933856,387718624634801,387718624635493,387718626289262,387718626337878,387718654677332,387718624619108,11099934,14600000,387718628127724,387718628228031,387718628390493,387718633343416,387718643633570,126692,229847,387718643633570,387718634052031,0,387718633343416,
0,260681382,387718628931289,387718628931289,-216998323,387718635977955,387718635978493,387718643665955,387718643732108,387718665777266,387718635965647,11098692,14600000,387718648289647,387718648369878,387718648504339,387718653433031,387718667345031,30154,325230,387718667345031,387718654316955,0,387718653433031,
0,260681390,387718640019510,387718651117224,0,387718651980339,387718651981031,387718679593570,387718679650570,387718687926057,387718651894493,11097714,14600000,387718713823493,387718713948339,387718714144955,387718717812339,387718721621031,31000,290384,387718721621031,387718718636955,0,387718717812339,
0,260681399,387718662201909,387718717684694,0,387718728247416,387718728248031,387718736512339,387718736571493,387718743401222,387718727810493,11096557,14600000,387718747908416,387718748092416,387718748331724,387718761590570,387718768589339,34231,272385,387718768589339,387718762266878,0,387718761590570,
0,260681414,387718739926205,387718751025249,0,387718757068339,387718757069262,387718761334878,387718761399185,387718787767479,387718757000339,11099044,14600000,387718766929955,387718767047801,387718767216108,387718772300724,387718778214493,29154,284308,387718778214493,387718773010801,0,387718772300724,
0,260681421,387718762124293,387718773223337,0,387718773685647,387718773686493,387718781906262,387718781956416,387718798866523,387718773625647,11099044,14600000,387718831941339,387718832327108,387718833143801,387718859457032,387718862144339,50692,403000,387718862144339,387718860545339,0,387718859457032,
0,260681430,387718784314574,387718862003535,0,387718872535493,387718872536339,387718885094493,387718885165878,387718887714733,387718871800955,11098423,14600000,387718901100032,387718901242493,387718901540955,387718914330801,387718918798262,39154,505462,387718918798262,387718915813339,0,387718914330801,
0,260681452,387718884281620,387718906484104,0,387718910786493,387718910787416,387718915005570,387718915076647,387718943194073,387718910718493,11101242,14600000,387718929071493,387718929293570,387718929797032,387718941672032,387718945975108,64846,474231,387718945975108,387718943085032,0,387718941672032,
0,260681459,387718917585346,387718928686588,0,387718931549955,387718931551185,387718936228339,387718936288416,387718965489072,387718931471724,11101242,14600000,387718947675185,387718947840416,387718948248032,387718961363801,387718965578185,40384,332616,387718965578185,387718962278570,0,387718961363801,
0,260681467,387718939853699,387718950957236,0,387718954735724,387718954736647,387718958946185,387718959018493,387718987691556,387718954641262,11103537,14600000,387718972583724,387718972707801,387718972944647,387718983281032,387718987543185,30077,346077,387718987543185,387718984301878,0,387718983281032,
0,260681475,387718962093142,387718973197585,0,387718974905878,387718974906801,387718979788416,387718979848647,387718998795093,387718974830185,11104443,14600000,387718993319185,387718993463801,387718993772416,387719010095185,387719021468108,38077,474154,387719021468108,387719011233262,0,387719010095185,
0,260681483,387718984302028,387718995406471,0,387719000993032,387719000993955,387719004473339,387719004545955,387719043319800,387719000928416,11104443,14600000,387719015300108,387719015450801,387719015923416,387719029339185,387719035869339,44693,358462,387719035869339,387719030369647,0,387719029339185,
0,260681491,387719006516075,387719006516075,0,387719016936955,387719016937570,387719019630801,387719019686878,387719054424243,387719016927801,11104594,14600000,387719029535108,387719030500032,387719030818185,387719042611801,387719047979185,34462,359000,387719047979185,387719043510185,0,387719042611801,
0,260681498,387719017620669,387719028725263,0,387719032377570,387719032378262,387719035285647,387719035358570,387719065528837,387719032301955,11104594,14600000,387719046604724,387719046844955,387719047222570,387719055714185,387719061766878,36077,252615,387719061766878,387719056568032,0,387719055714185,
0,260681507,387719039844736,387719039844736,0,387719048434493,387719048435185,387719051430570,387719051511493,387719076633431,387719048424955,11104996,14600000,387719061029955,387719061196108,387719061529878,387719071562878,387719077435493,34769,387769,387719077435493,387719072446493,0,387719071562878,
0,260681514,387719050949732,387719062054728,0,387719062470570,387719062471185,387719065031493,387719065084108,387719098864720,387719062426570,11104996,14600000,387719075819724,387719075989339,387719076407416,387719088872339,387719095205878,32615,310154,387719095205878,387719089712108,0,387719088872339,
0,260681523,387719073170116,387719073170116,0,387719078328724,387719078329647,387719080525647,387719080594878,387719109969716,387719078317339,11105561,14600000,387719091200647,387719091295724,387719091526801,387719099462262,387719105279493,24616,328923,387719105279493,387719100237339,0,387719099462262,
0,260681531,387719084296479,387719095402835,0,387719097469570,387719097469878,387719099024647,387719099083108,387719121075277,387719097411416,11106356,14600000,387719107063801,387719107196724,387719107467416,387719116316339,387719122149262,36308,270770,387719122149262,387719117075416,0,387719116316339,
0,260681539,387719106476480,387719106476480,0,387719108210185,387719108210570,387719109817878,387719109882493,387719143321903,387719108201032,11105460,14600000,387719118553878,387719118645647,387719118891185,387719128069647,387719135126570,26539,296846,387719135126570,387719128901032,0,387719128069647,
0,260681547,387719117581940,387719117581940,0,387719119474570,387719119475416,387719121026262,387719121079493,387719154427363,387719119466878,11105460,14600000,387719129302185,387719129391493,387719129627724,387719139340416,387719145952032,25308,260923,387719145952032,387719140238262,0,387719139340416,
0,260681555,387719128674694,387719128674694,0,387719130193262,387719130193878,387719131598878,387719131649339,387719165532823,387719130186878,11105204,14600000,387719139537032,387719140327493,387719140524416,387719148462878,387719154043801,22461,319000,387719154043801,387719149281339,0,387719148462878,
0,260681563,387719139767204,387719139767204,0,387719141062878,387719141063493,387719142505339,387719142554801,387719176638027,387719141056955,11104823,14600000,387719150509032,387719150669032,387719150892647,387719159259185,387719164425262,25846,261923,387719164425262,387719160056724,0,387719159259185,
0,260681571,387719150860481,387719150860481,0,387719151847801,387719151848416,387719153459416,387719153521878,387719187742850,387719151835724,11104440,14600000,387719163084647,387719163230570,387719163545262,387719170764108,387719176475493,35307,322462,387719176475493,387719171714493,0,387719170764108,
0,260681579,387719161950684,387719161950684,0,387719164286801,387719164287185,387719165722878,387719165775801,387719198847290,387719164280108,11103865,14600000,387719174480339,387719174636108,387719174847108,387719182740032,387719190613339,29539,263924,387719190613339,387719183486878,0,387719182740032,
0,260681587,387719173046081,387719173046081,0,387719175618801,387719175619416,387719177577032,387719177634262,387719209951155,387719175609339,11103378,14600000,387719185721262,387719185879416,387719186101570,387719193254878,387719199871108,29539,335077,387719199871108,387719194100416,0,387719193254878,
0,260681595,387719184143954,387719184143954,0,387719186837570,387719186837955,387719189891185,387719189954493,387719221054533,387719186830493,11103275,14600000,387719200443416,387719200666878,387719200909878,387719209383493,387719216364647,29538,288384,387719216364647,387719210162878,0,387719209383493,
0,260681603,387719195235244,387719195235244,0,387719205605878,387719205606493,387719207265647,387719207330493,387719232157808,387719205588955,11102599,14600000,387719214400339,387719214502878,387719214778570,387719222323493,387719232952955,26769,306385,387719232952955,387719223042878,0,387719222323493,
0,260681611,387719206328281,387719206328281,0,387719215222493,387719215223108,387719216808955,387719216869955,387719254245640,387719215215108,11101760,14600000,387719223865262,387719224126493,387719224336339,387719231280339,387719242460416,27461,1521846,387719242460416,387719233368416,0,387719231280339,
0,260681618,387719217430041,387719217430041,0,387719224955493,387719224956032,387719226398493,387719226454185,387719265347400,387719224948955,11101760,14600000,387719233118801,387719233468339,387719233692647,387719243711108,387719249124032,24231,230461,387719249124032,387719244533878,0,387719243711108,
0,260681626,387719228509018,387719228509018,0,387719234374801,387719234375724,387719235767724,387719235822493,387719276449160,387719234366878,11099792,14600000,387719242837262,387719244629878,387719244833339,387719251688416,387719256180647,25230,237616,387719256180647,387719252477647,0,387719251688416,
0,260681634,387719239608810,387719239608810,0,387719246120108,387719246120955,387719246828724,387719246883108,387719287548952,387719246109339,11099792,14600000,387719252577032,387719252697262,387719252900647,387719259983185,387719263934262,23385,254461,387719263934262,387719260824108,0,387719259983185,
0,260681642,387719250702285,387719250702285,0,387719253240955,387719253241262,387719253766801,387719253810570,387719298648744,387719253234801,11099139,14600000,387719259129032,387719260930801,387719261143185,387719266715493,387719270878185,23769,221538,387719270878185,387719267305032,0,387719266715493,
0,260681650,387719261811153,387719261811153,0,387719262213647,387719262214262,387719262811185,387719262854493,387719309747883,387719262206801,11099681,14600000,387719269385955,387719269587493,387719269849032,387719276687108,387719281057262,27923,271692,387719281057262,387719277455185,0,387719276687108,
0,260681658,387719272905160,387719272905160,0,387719273976724,387719273977262,387719274644032,387719274694570,387719320847564,387719273967801,11099179,14600000,387719279788955,387719279948724,387719280196108,387719285981032,387719291220724,32693,250538,387719291220724,387719286689262,0,387719285981032,
0,260681666,387719284018643,387719284018643,0,387719284427185,387719284427801,387719285152955,387719285195801,387719331946743,387719284418878,11099847,14600000,387719289996724,387719290157032,387719290360032,387719296989262,387719303279416,1051154,244308,387719303279416,387719297738262,0,387719296989262,
0,260681674,387719295124384,387719295124384,0,387719295752032,387719295752724,387719296465262,387719296516339,387719343046590,387719295741878,11100447,14600000,387719299950185,387719300121878,387719300286262,387719308921955,387719316092339,2126769,243385,387719316092339,387719309633570,0,387719308921955,
0,260681682,387719306235848,387719306235848,0,387719306911724,387719306912724,387719307730570,387719307789878,387719354147037,387719306899185,11101246,14600000,387719310070878,387719310176724,387719310369339,387719317913878,387719325423185,2571000,221308,387719325423185,387719318598801,0,387719317913878,
0,260681690,387719317360266,387719317360266,0,387719317805647,387719317806493,387719318417570,387719318458570,387719365248283,387719317794878,11102801,14600000,387719320646493,387719320737570,387719320911801,387719329896108,387719337933262,3967385,253231,387719337933262,387719330522801,0,387719329896108,
0,260681698,387719328483027,387719328483027,0,387719328979108,387719328979801,387719339195724,387719339257032,387719376351084,387719328968108,11104845,14600000,387719342537570,387719342663416,387719342962570,387719348622262,387719360110878,33769,250077,387719360110878,387719349371801,0,387719348622262,
0,260681706,387719339595910,387719339595910,0,387719350533878,387719350534570,387719354076647,387719354140416,387719387455929,387719350522493,11105545,14600000,387719355523493,387719355647801,387719355832339,387719361880724,387719370081955,41462,298847,387719370081955,387719362821647,0,387719361880724,
0,260681723,387719372901326,387719372901326,0,387719374355185,387719374356108,387719374407416,387719374464339,387719398561474,387719374336647,11104971,14600000,387719376321955,387719376485878,387719376809570,387719386019493,387719393040108,52308,412692,387719393040108,387719387209339,0,387719386019493,
0,260681767,387719483995737,387719483995737,0,387719486405878,387719486407493,387719486530493,387719486672032,387719498595737,387719486377262,11106818,14600000,387719490998570,387719491863801,387719492705955,387719502340108,387719512248724,73231,714847,387719512248724,387719504209955,0,387719502340108,
0,260681789,387719595072446,387719595072446,0,387719597065570,387719597068416,387719597262185,387719597602570,387719609672446,387719597014262,11107060,14600000,387719607626878,387719608263416,387719608782185,387719622666878,387719629747493,71384,1035615,387719629747493,387719625193262,0,387719622666878,
0,260681804,387719706207490,387719706207490,0,387719707456032,387719707458185,387719707608955,387719707780339,387719720807490,387719707413570,11108669,14600000,387719715421339,387719716590185,387719717336108,387719734357647,387719739232339,116230,1434231,387719739232339,387719737708647,0,387719734357647,
0,260681819,387719817478740,387719817478740,0,387719820369955,387719820372955,387719820560339,387719820852647,387719832078740,387719820314801,11112574,14600000,387719831291108,387719832538878,387719833326801,387719850025262,387719857261262,124000,1269231,387719857261262,387719853150262,0,387719850025262,
0,260681841,387719928477323,387719928477323,0,387719929985647,387719929987724,387719930125570,387719930297032,387719943077323,387719929953955,11110443,14600000,387719941815801,387719942528647,387719943196416,387719967029647,387719971493878,111000,1055077,387719971493878,387719969751416,0,387719967029647,
0,260681856,387720039494895,387720039494895,0,387720041865955,387720041869339,387720042076416,387720042325955,387720054094895,387720041811801,11109126,14600000,387720051932955,387720052970801,387720053384416,387720066189878,387720070913032,61000,1317000,387720070913032,387720068930185,0,387720066189878,
0,260681871,387720150524597,387720150524597,0,387720151389339,387720151390493,387720151491416,387720151589647,387720165124597,387720151362493,11108293,14600000,387720156741339,387720156973570,387720157353955,387720174137955,387720177044724,59385,1083769,387720176865032,387720177044724,0,387720174137955,
0,260681886,387720261476016,387720261476016,0,387720263732955,387720263734262,387720263857339,387720263966185,387720276076016,387720263702185,11106687,14600000,387720269160109,387720269748109,387720270422262,387720289680339,387720292653955,114769,1030462,387720292384416,387720292653955,0,387720289680339,
0,260681901,387720372486741,387720372486741,0,387720374641339,387720374644109,387720374813955,387720375071109,387720387086741,387720374594262,11106017,14600000,387720385553032,387720386206878,387720386650878,387720405076109,387720412334878,59923,501846,387720412334878,387720406111416,0,387720405076109,
0,260681916,387720483545197,387720483545197,0,387720485911109,387720485913878,387720486096109,387720486357339,387720498145197,387720485853570,11106007,14600000,387720497338493,387720498133032,387720498532724,387720512912416,387720516405570,58154,1194846,387720516201647,387720516405570,0,387720512912416,
0,260681931,387720594561875,387720594561875,0,387720597129570,387720597130801,387720597219801,387720597327801,387720609161875,387720597100416,11105540,14600000,387720600738493,387720601241647,387720601938570,387720615842878,387720619032032,71308,1023616,387720619032032,387720618704647,0,387720615842878,
0,260681946,387720705577324,387720705577324,0,387720707918570,387720707921262,387720708291724,387720708552955,387720720177324,387720707858262,11105148,14600000,387720718440416,387720718873032,387720719370878,387720737057955,387720740236955,66769,1112692,387720739803416,387720740236955,0,387720737057955,
0,260681961,387720816661730,387720816661730,0,387720819019185,387720819021878,387720819311801,387720819613262,387720831261730,387720818958493,11105427,14600000,387720830233647,387720830532647,387720831165878,387720850142878,387720853720724,125846,1644846,387720852970801,387720853720724,0,387720850142878,
0,260681983,387720927674595,387720927674595,0,387720929815493,387720929819801,387720930107185,387720930513878,387720942274595,387720929736647,11105050,14600000,387720940715493,387720941514570,387720942973262,387720969528032,387720972634878,192000,979692,387720972634878,387720972217647,0,387720969528032,
0,260681998,387721038674406,387721038674406,0,387721040728647,387721040731493,387721040913878,387721041193878,387721053274406,387721040673262,11104623,14600000,387721051353570,387721054089570,387721054447185,387721067803109,387721072177878,49923,1089539,387721072177878,387721070473647,0,387721067803109,
0,260682013,387721149682094,387721149682094,0,387721152583724,387721152585647,387721152745647,387721152849955,387721164282094,387721152540416,11104257,14600000,387721155235724,387721156263493,387721157060955,387721173690493,387721176956955,117538,1442384,387721176331416,387721176956955,0,387721173690493,
0,260682028,387721260730396,387721260730396,0,387721262724724,387721262727493,387721262909339,387721263147724,387721275330396,387721262666262,11104237,14600000,387721274281647,387721275154262,387721275607416,387721294455185,387721297671416,112923,1335154,387721297095416,387721297671416,0,387721294455185,
---PROFILEDATA---


View hierarchy:

  com.folio.reader/com.folio.reader.MainActivity/android.view.ViewRootImpl@9a6864
  6 views, 11.86 kB of render nodes


Total ViewRootImpl   : 1
Total attached Views : 6
Total RenderNode     : 11.86 kB (used) / 35.93 kB (capacity)


