Applications Graphics Acceleration Info:
Uptime: 396089545 Realtime: 411314450

** Graphics info for pid 26804 [com.folio.reader] **

Stats since: 396086407756607ns
Total frames rendered: 83
Janky frames: 30 (36.14%)
Janky frames (legacy): 55 (66.27%)
50th percentile: 25ms
90th percentile: 48ms
95th percentile: 93ms
99th percentile: 150ms
Number Missed Vsync: 8
Number High input latency: 104
Number Slow UI thread: 24
Number Slow bitmap uploads: 0
Number Slow issue draw commands: 30
Number Frame deadline missed: 30
Number Frame deadline missed (legacy): 26
HISTOGRAM: 5ms=0 6ms=1 7ms=0 8ms=1 9ms=2 10ms=1 11ms=0 12ms=0 13ms=1 14ms=4 15ms=3 16ms=5 17ms=4 18ms=3 19ms=9 20ms=0 21ms=0 22ms=3 23ms=0 24ms=3 25ms=4 26ms=1 27ms=4 28ms=5 29ms=2 30ms=1 31ms=2 32ms=1 34ms=1 36ms=4 38ms=3 40ms=3 42ms=1 44ms=1 46ms=0 48ms=2 53ms=0 57ms=0 61ms=0 65ms=2 69ms=0 73ms=0 77ms=1 81ms=0 85ms=0 89ms=0 93ms=1 97ms=0 101ms=0 105ms=1 109ms=0 113ms=0 117ms=0 121ms=0 125ms=1 129ms=0 133ms=0 150ms=2 200ms=0 250ms=0 300ms=0 350ms=0 400ms=0 450ms=0 500ms=0 550ms=0 600ms=0 650ms=0 700ms=0 750ms=0 800ms=0 850ms=0 900ms=0 950ms=0 1000ms=0 1050ms=0 1100ms=0 1150ms=0 1200ms=0 1250ms=0 1300ms=0 1350ms=0 1400ms=0 1450ms=0 1500ms=0 1550ms=0 1600ms=0 1650ms=0 1700ms=0 1750ms=0 1800ms=0 1850ms=0 1900ms=0 1950ms=0 2000ms=0 2050ms=0 2100ms=0 2150ms=0 2200ms=0 2250ms=0 2300ms=0 2350ms=0 2400ms=0 2450ms=0 2500ms=0 2550ms=0 2600ms=0 2650ms=0 2700ms=0 2750ms=0 2800ms=0 2850ms=0 2900ms=0 2950ms=0 3000ms=0 3050ms=0 3100ms=0 3150ms=0 3200ms=0 3250ms=0 3300ms=0 3350ms=0 3400ms=0 3450ms=0 3500ms=0 3550ms=0 3600ms=0 3650ms=0 3700ms=0 3750ms=0 3800ms=0 3850ms=0 3900ms=0 3950ms=0 4000ms=0 4050ms=0 4100ms=0 4150ms=0 4200ms=0 4250ms=0 4300ms=0 4350ms=0 4400ms=0 4450ms=0 4500ms=0 4550ms=0 4600ms=0 4650ms=0 4700ms=0 4750ms=0 4800ms=0 4850ms=0 4900ms=0 4950ms=0
50th gpu percentile: 9ms
90th gpu percentile: 14ms
95th gpu percentile: 15ms
99th gpu percentile: 18ms
GPU HISTOGRAM: 1ms=0 2ms=2 3ms=0 4ms=1 5ms=8 6ms=10 7ms=12 8ms=7 9ms=6 10ms=8 11ms=9 12ms=6 13ms=2 14ms=5 15ms=3 16ms=2 17ms=1 18ms=1 19ms=0 20ms=0 21ms=0 22ms=0 23ms=0 24ms=0 25ms=0 4950ms=0

Pipeline=Skia (OpenGL)
Memory policy:
  Max surface area: 2583360
  Max resource usage: 372.00MB (x144)
  Background retention: 50% (altUiHidden = true)
  GPU Context timeout: 10
Contexts: 1 (stopped = 0)
CPU Caches:
  Glyph Cache: 221.76 KB (1 entry)
  Shadows: 15.55 KB (5 entries)
  Glyph Count: 46 
Total CPU memory usage:
  243007 bytes, 237.31 KB (0.00 bytes is purgeable)
GPU Caches:
  SW Path Mask:
    Texture: 3.23 MB (10 entries)
  Other:
    Other: 17.03 KB (1 entry)
    Buffer Object: 2.50 KB (4 entries)
    StencilAttachment: 192.00 KB (2 entries)
  Image:
    Texture: 45.92 MB (19 entries)
  Scratch:
    RenderTarget: 55.44 MB (36 entries)
    Texture: 2.00 MB (2 entries)
    Buffer Object: 78.03 KB (3 entries)
Total GPU memory usage:
  112065200 bytes, 106.87 MB (96.46 MB is purgeable)

GraphicBufferAllocator buffers:
            Handle |         Size |     W (Stride) x H | Layers |   Format |      Usage | Requestor
0xb400006f8703fa00 | 10166.00 KiB | 1080 (1088) x 2392 |      1 |        1 | 0x40000000000b00 | VRI[MainActivity]#0(BLAST Consumer)0:com.folio.reader
0xb400006f8703fc80 | 10166.00 KiB | 1080 (1088) x 2392 |      1 |        1 | 0x40000000000b00 | VRI[MainActivity]#0(BLAST Consumer)0:com.folio.reader
0xb400006f870407c0 | 10166.00 KiB | 1080 (1088) x 2392 |      1 |        1 | 0x40000000000b00 | VRI[MainActivity]#0(BLAST Consumer)0:com.folio.reader
0xb400006f87040900 | 10166.00 KiB | 1080 (1088) x 2392 |      1 |        1 | 0x40000000000b00 | VRI[MainActivity]#0(BLAST Consumer)0:com.folio.reader
0xb400006f87040a40 | 10166.00 KiB | 1080 (1088) x 2392 |      1 |        1 | 0x40000000000b00 | VRI[MainActivity]#0(BLAST Consumer)0:com.folio.reader
Total allocated by GraphicBufferAllocator (estimate): 50830.00 KB
Imported gralloc buffers:
+ name:VRI[MainActivity]#0(BLAST Consumer)0:com.folio.reader, id:5123896532877, size:10360.00KiB, w/h:1080x2392, usage: 0x40000000000b00, req fmt:1, fourcc/mod:875708993/576460752303423602, dataspace: 0x0, compressed: true
	planes: R/G/B/A:	 w/h:1088x2400, stride:4352 bytes, size:10608640
+ name:VRI[MainActivity]#0(BLAST Consumer)0:com.folio.reader, id:5123896532875, size:10360.00KiB, w/h:1080x2392, usage: 0x40000000000b00, req fmt:1, fourcc/mod:875708993/576460752303423602, dataspace: 0x0, compressed: true
	planes: R/G/B/A:	 w/h:1088x2400, stride:4352 bytes, size:10608640
+ name:VRI[MainActivity]#0(BLAST Consumer)0:com.folio.reader, id:5123896532874, size:10360.00KiB, w/h:1080x2392, usage: 0x40000000000b00, req fmt:1, fourcc/mod:875708993/576460752303423602, dataspace: 0x0, compressed: true
	planes: R/G/B/A:	 w/h:1088x2400, stride:4352 bytes, size:10608640
+ name:VRI[MainActivity]#0(BLAST Consumer)0:com.folio.reader, id:5123896532876, size:10360.00KiB, w/h:1080x2392, usage: 0x40000000000b00, req fmt:1, fourcc/mod:875708993/576460752303423602, dataspace: 0x0, compressed: true
	planes: R/G/B/A:	 w/h:1088x2400, stride:4352 bytes, size:10608640
+ name:VRI[MainActivity]#0(BLAST Consumer)0:com.folio.reader, id:5123896532873, size:10360.00KiB, w/h:1080x2392, usage: 0x40000000000b00, req fmt:1, fourcc/mod:875708993/576460752303423602, dataspace: 0x0, compressed: true
	planes: R/G/B/A:	 w/h:1088x2400, stride:4352 bytes, size:10608640
Total imported by gralloc: 51800.00KiB

Profile data in ms:

	com.folio.reader/com.folio.reader.MainActivity/android.view.ViewRootImpl@f7aa1f7 (visibility=0)
Window: com.folio.reader/com.folio.reader.MainActivity
Stats since: 396086407755607ns
Total frames rendered: 83
Janky frames: 30 (36.14%)
Janky frames (legacy): 55 (66.27%)
50th percentile: 25ms
90th percentile: 48ms
95th percentile: 93ms
99th percentile: 150ms
Number Missed Vsync: 8
Number High input latency: 104
Number Slow UI thread: 24
Number Slow bitmap uploads: 0
Number Slow issue draw commands: 30
Number Frame deadline missed: 30
Number Frame deadline missed (legacy): 26
HISTOGRAM: 5ms=0 6ms=1 7ms=0 8ms=1 9ms=2 10ms=1 11ms=0 12ms=0 13ms=1 14ms=4 15ms=3 16ms=5 17ms=4 18ms=3 19ms=9 20ms=0 21ms=0 22ms=3 23ms=0 24ms=3 25ms=4 26ms=1 27ms=4 28ms=5 29ms=2 30ms=1 31ms=2 32ms=1 34ms=1 36ms=4 38ms=3 40ms=3 42ms=1 44ms=1 46ms=0 48ms=2 53ms=0 57ms=0 61ms=0 65ms=2 69ms=0 73ms=0 77ms=1 81ms=0 85ms=0 89ms=0 93ms=1 97ms=0 101ms=0 105ms=1 109ms=0 113ms=0 117ms=0 121ms=0 125ms=1 129ms=0 133ms=0 150ms=2 200ms=0 250ms=0 300ms=0 350ms=0 400ms=0 450ms=0 500ms=0 550ms=0 600ms=0 650ms=0 700ms=0 750ms=0 800ms=0 850ms=0 900ms=0 950ms=0 1000ms=0 1050ms=0 1100ms=0 1150ms=0 1200ms=0 1250ms=0 1300ms=0 1350ms=0 1400ms=0 1450ms=0 1500ms=0 1550ms=0 1600ms=0 1650ms=0 1700ms=0 1750ms=0 1800ms=0 1850ms=0 1900ms=0 1950ms=0 2000ms=0 2050ms=0 2100ms=0 2150ms=0 2200ms=0 2250ms=0 2300ms=0 2350ms=0 2400ms=0 2450ms=0 2500ms=0 2550ms=0 2600ms=0 2650ms=0 2700ms=0 2750ms=0 2800ms=0 2850ms=0 2900ms=0 2950ms=0 3000ms=0 3050ms=0 3100ms=0 3150ms=0 3200ms=0 3250ms=0 3300ms=0 3350ms=0 3400ms=0 3450ms=0 3500ms=0 3550ms=0 3600ms=0 3650ms=0 3700ms=0 3750ms=0 3800ms=0 3850ms=0 3900ms=0 3950ms=0 4000ms=0 4050ms=0 4100ms=0 4150ms=0 4200ms=0 4250ms=0 4300ms=0 4350ms=0 4400ms=0 4450ms=0 4500ms=0 4550ms=0 4600ms=0 4650ms=0 4700ms=0 4750ms=0 4800ms=0 4850ms=0 4900ms=0 4950ms=0
50th gpu percentile: 9ms
90th gpu percentile: 14ms
95th gpu percentile: 15ms
99th gpu percentile: 18ms
GPU HISTOGRAM: 1ms=0 2ms=2 3ms=0 4ms=1 5ms=8 6ms=10 7ms=12 8ms=7 9ms=6 10ms=8 11ms=9 12ms=6 13ms=2 14ms=5 15ms=3 16ms=2 17ms=1 18ms=1 19ms=0 20ms=0 21ms=0 22ms=0 23ms=0 24ms=0 25ms=0 4950ms=0



---PROFILEDATA---
Flags,FrameTimelineVsyncId,IntendedVsync,Vsync,InputEventId,HandleInputStart,AnimationStart,PerformTraversalsStart,DrawStart,FrameDeadline,FrameStartTime,FrameInterval,WorkloadTarget,SyncQueued,SyncStart,IssueDrawCommandsStart,SwapBuffers,FrameCompleted,DequeueBufferDuration,QueueBufferDuration,GpuCompleted,SwapBuffersCompleted,DisplayPresentTime,CommandSubmissionCompleted,
0,263732027,396086419317477,396086419317477,0,396086420882069,396086420882992,396086420930453,396086420989761,396086445048762,396086420865761,11104266,14600000,396086422547607,396086422646684,396086422839376,396086427910992,396086438159069,26385,312000,396086438159069,396086428823299,0,396086427910992,
0,263732156,396086508163221,396086508163221,0,396086508884299,396086508884915,396086508919607,396086508966684,396086522763221,396086508872223,11103853,14600000,396086509631069,396086509711684,396086509842453,396086514533838,396086528077530,26154,233539,396086528077530,396086515177146,0,396086514533838,
0,263732200,396086530366297,396086530366297,0,396086530988530,396086530989453,396086531063992,396086531119607,396086544966297,396086530971992,11104041,14600000,396086532767069,396086532877453,396086533039684,396086538069761,396086547187069,26769,269462,396086547187069,396086538768915,0,396086538069761,
0,263732329,396086619187050,396086619187050,0,396086620406146,396086620407299,396086620445453,396086620492915,396086633787050,396086620392607,11103926,14600000,396086621176299,396086621345146,396086621493453,396086628068299,396086642065761,28230,246769,396086642065761,396086628783992,0,396086628068299,
0,263732372,396086641411040,396086641411040,0,396086641984223,396086641984915,396086642036299,396086642088530,396086667098828,396086641970684,11104233,14600000,396086643848838,396086644085146,396086644248838,396086650518992,396086659446684,29615,272615,396086659446684,396086651276607,0,396086650518992,
0,263732502,396086730311844,396086730311844,-537545246,396086735052838,396086735053453,396086744428299,396086744488915,396086744911844,396086735039607,11106557,14600000,396086755324530,396086755442761,396086755626992,396086764445223,396086778826992,34462,284000,396086778826992,396086765314684,0,396086764445223,
0,263732523,396086741418401,396086752524958,0,396086759460299,396086759461530,396086782222761,396086782269838,396086800444629,396086759378069,11106557,14600000,396086822339607,396086822456530,396086822712915,396086837278069,396086848578146,32923,376923,396086848578146,396086838068607,0,396086837278069,
0,263732559,396086763608164,396086841350143,0,396086842620607,396086842621223,396086863159069,396086863220223,396086867083971,396086842168915,11105997,14600000,396086877477761,396086877621530,396086877869453,396086914951684,396086916265223,29154,483385,396086916265223,396086915926684,0,396086914951684,
0,263732696,396086852396370,396086907916940,0,396086912530992,396086912531684,396086920238684,396086920305223,396086933692122,396086912049223,11104114,14600000,396086927170992,396086927317223,396086927544530,396086935334069,396086944979684,29231,250769,396086944979684,396086935936607,0,396086935334069,
0,263732796,396086918970667,396086930073002,0,396086935458684,396086935459376,396086945012530,396086945077761,396086966933396,396086935411069,11102335,14600000,396087022758069,396087022889838,396087023240530,396087033087300,396087044580607,30385,271692,396087044580607,396087033780607,0,396087033087300,
0,263732832,396086941190248,396087041113666,0,396087050525453,396087050526453,396087067690992,396087067749223,396087066798687,396087049783992,11102602,14600000,396087081344530,396087081481453,396087081794376,396087092652223,396087104621223,27153,489538,396087104621223,396087093988915,0,396087092652223,
0,263732991,396087052173089,396087074375959,0,396087084492915,396087084493761,396087096331300,396087096438992,396087122329278,396087084424530,11101435,14600000,396087110947684,396087111057223,396087111401530,396087119239300,396087130476838,27153,304231,396087130476838,396087120052530,0,396087119239300,
0,263733041,396087085475808,396087118779420,0,396087119112223,396087119112838,396087122008530,396087122062992,396087155584569,396087119044300,11101204,14600000,396087131251915,396087131356300,396087131621530,396087140974453,396087151425146,34692,319077,396087151425146,396087141760607,0,396087140974453,
0,263733106,396087129869892,396087129869892,0,396087132813453,396087132813761,396087135538453,396087135598992,396087166685773,396087132807607,11100400,14600000,396087145371607,396087145493453,396087145783300,396087154401530,396087161748607,33538,269769,396087161748607,396087155094146,0,396087154401530,
0,263733127,396087140970292,396087140970292,0,396087147178146,396087147178992,396087150072607,396087150139684,396087177786173,396087147168838,11100400,14600000,396087159631915,396087159723300,396087159945146,396087166416838,396087172871607,30462,233539,396087172871607,396087167048223,0,396087166416838,
0,263733149,396087152191084,396087163294953,0,396087165893146,396087165893453,396087168476838,396087168524530,396087188886573,396087165844300,11103869,14600000,396087176797453,396087176915376,396087177191684,396087184977223,396087192215684,37308,246769,396087192215684,396087185654761,0,396087184977223,
0,263733185,396087174379664,396087174379664,0,396087178145453,396087178146069,396087179821530,396087179887607,396087211206560,396087178138069,11103231,14600000,396087188432223,396087188544530,396087188845223,396087195959376,396087202384838,28000,266462,396087202384838,396087196921530,0,396087195959376,
0,263733207,396087185491379,396087185491379,0,396087189596838,396087189597530,396087191101453,396087191163300,396087222309791,396087189589530,11104143,14600000,396087199523607,396087199630376,396087199854453,396087206931069,396087212724223,23692,330154,396087212724223,396087207791992,0,396087206931069,
0,263733229,396087196577819,396087196577819,0,396087200520607,396087200521146,396087201966684,396087202018146,396087233413934,396087200514992,11103510,14600000,396087211417530,396087211549453,396087211847915,396087218849453,396087225110376,27307,309000,396087225110376,396087219626453,0,396087218849453,
0,263733251,396087207743684,396087207743684,0,396087212339069,396087212339992,396087213826146,396087213876915,396087244517444,396087212332530,11105942,14600000,396087221967915,396087222072838,396087222297146,396087228655915,396087235969838,25307,296384,396087235969838,396087229427069,0,396087228655915,
0,263733273,396087218834609,396087218834609,0,396087222825223,396087222825530,396087224407607,396087224463684,396087255623386,396087222819607,11105420,14600000,396087232484300,396087232571684,396087232825223,396087239265223,396087246099915,21230,261923,396087246099915,396087239939684,0,396087239265223,
0,263733295,396087229946264,396087229946264,0,396087233337223,396087233337761,396087234928915,396087234989146,396087266728806,396087233328838,11106450,14600000,396087242637761,396087242740530,396087242956838,396087249304838,396087255219376,24000,244693,396087255219376,396087249994069,0,396087249304838,
0,263733317,396087241036946,396087241036946,0,396087243444300,396087243444607,396087244909530,396087244962376,396087277835256,396087243438761,11105920,14600000,396087252458684,396087252592300,396087252851607,396087260659300,396087267019915,28923,255153,396087267019915,396087261306453,0,396087260659300,
0,263733339,396087252134290,396087252134290,0,396087253561761,396087253561838,396087255025146,396087255079300,396087288941176,396087253556607,11105690,14600000,396087262739684,396087262827376,396087263024838,396087269623069,396087276395992,23923,254769,396087276395992,396087270253838,0,396087269623069,
0,263733361,396087263222891,396087263222891,0,396087268236300,396087268237146,396087269694376,396087269744915,396087300046866,396087268226376,11104969,14600000,396087276592300,396087276690992,396087276930453,396087284592223,396087293212607,26769,272000,396087293212607,396087285277761,0,396087284592223,
0,263733383,396087274318533,396087274318533,0,396087277596530,396087277596915,396087287284607,396087287340607,396087311151835,396087277590453,11104393,14600000,396087300058146,396087300204607,396087300627607,396087310752223,396087325595607,40923,297154,396087325595607,396087311490992,0,396087310752223,
0,263733405,396087285409988,396087307617548,0,396087317882761,396087317883376,396087324423376,396087324482453,396087344440498,396087317792915,11103780,14600000,396087331814453,396087331923069,396087332263684,396087340198069,396087350955915,28692,322077,396087350955915,396087340983376,0,396087340198069,
0,263733455,396087318757304,396087329862975,0,396087333401453,396087333402069,396087334870992,396087334914453,396087366632668,396087333338992,11105671,14600000,396087343458069,396087343590376,396087343905453,396087351551915,396087360107684,24692,293846,396087360107684,396087352265223,0,396087351551915,
0,263733491,396087340959712,396087340959712,0,396087348724300,396087348725223,396087350561761,396087350616915,396087377738339,396087348713761,11105169,14600000,396087357302684,396087357435069,396087357687684,396087365016838,396087369908607,28923,313846,396087369908607,396087365754376,0,396087365016838,
0,263733513,396087352040232,396087352040232,0,396087358484530,396087358485223,396087360247607,396087360303069,396087388843508,396087358476607,11103855,14600000,396087367690761,396087367785838,396087368045453,396087374947607,396087379829453,24615,232846,396087379829453,396087375703300,0,396087374947607,
0,263733535,396087363112841,396087363112841,0,396087372753530,396087372754376,396087374435915,396087374487069,396087399947363,396087372743684,11102000,14600000,396087380189453,396087380283992,396087380564915,396087386070376,396087391834376,24538,246154,396087391834376,396087386656530,0,396087386070376,
0,263733557,396087374207900,396087374207900,0,396087381071915,396087381072300,396087382574992,396087382626761,396087411049363,396087381066453,11101083,14600000,396087388946684,396087389392838,396087389652300,396087395206684,396087401303684,26384,238846,396087401303684,396087395779069,0,396087395206684,
0,263733579,396087385289625,396087385289625,0,396087390280300,396087390280838,396087392359069,396087392414453,396087422150446,396087390272607,11099689,14600000,396087398105838,396087398203992,396087398438069,396087405062146,396087410471376,25846,281616,396087410471376,396087405810992,0,396087405062146,
0,263733601,396087396377649,396087396377649,0,396087398862453,396087398862761,396087400759069,396087400814992,396087433250135,396087398856838,11098592,14600000,396087406737453,396087406818146,396087407057530,396087413859300,396087418817530,23153,471615,396087418817530,396087414701530,0,396087413859300,
0,263733623,396087407455610,396087407455610,0,396087408293453,396087408294069,396087409465146,396087409519300,396087444348727,396087408283069,11096814,14600000,396087412828300,396087414778761,396087414977530,396087419963300,396087424621146,19923,209615,396087424621146,396087420606453,0,396087419963300,
0,263733645,396087418608851,396087418608851,0,396087419152530,396087419153223,396087420390761,396087420439992,396087455445541,396087419142761,11101934,14600000,396087425890146,396087425988530,396087426205838,396087431415300,396087435654069,23307,238769,396087435654069,396087432069761,0,396087431415300,
0,263733667,396087429758102,396087429758102,0,396087430487915,396087430488530,396087431570453,396087431619300,396087466547475,396087430478376,11104165,14600000,396087436487992,396087436575376,396087436789453,396087442205838,396087447304607,47461,235769,396087447304607,396087442820300,0,396087442205838,
0,263733696,396087440847733,396087440847733,0,396087441475376,396087441476223,396087442726992,396087442771992,396087477651640,396087441463300,11103049,14600000,396087445823376,396087445912530,396087446142453,396087450965530,396087456296530,36231,265769,396087456296530,396087451576838,0,396087450965530,
0,263733718,396087451936003,396087451936003,0,396087452539607,396087452540300,396087453671684,396087453724915,396087488754689,396087452526684,11101885,14600000,396087459582376,396087459693223,396087459971607,396087464944223,396087471727607,25462,236230,396087471727607,396087465639376,0,396087464944223,
0,263733740,396087463061124,396087463061124,0,396087463773761,396087463774376,396087464947915,396087464996300,396087499856574,396087463763607,11104569,14600000,396087469458146,396087469561761,396087469769761,396087475091607,396087482512530,21846,218077,396087482512530,396087475815992,0,396087475091607,
0,263733762,396087474153476,396087474153476,0,396087475048838,396087475049453,396087476243069,396087476295607,396087510961143,396087475039376,11103913,14600000,396087478593530,396087478691684,396087478902376,396087484290146,396087493325146,24231,214769,396087493325146,396087484933838,0,396087484290146,
0,263733784,396087485244612,396087485244612,0,396087486056223,396087486056838,396087487193146,396087487253146,396087522065056,396087486044838,11103066,14600000,396087489437761,396087489529223,396087489707069,396087495081838,396087504368838,26385,188308,396087504368838,396087495714376,0,396087495081838,
0,263733806,396087496339276,396087496339276,0,396087496860300,396087496860915,396087498028607,396087498079915,396087533168122,396087496848530,11102366,14600000,396087500245146,396087501172530,396087501384607,396087506199300,396087514704530,21846,219692,396087514704530,396087506902761,0,396087506199300,
0,263733828,396087507432654,396087507432654,0,396087508116530,396087508116915,396087509210684,396087509250146,396087544270488,396087508103915,11101714,14600000,396087510085761,396087510171992,396087510331684,396087515083607,396087524162992,20231,218076,396087524162992,396087515696838,0,396087515083607,
0,263733850,396087518524920,396087518524920,0,396087519306069,396087519306376,396087520441146,396087520491915,396087555372202,396087519296223,11100736,14600000,396087521582992,396087521703300,396087521925761,396087526779607,396087534631992,28693,261154,396087534631992,396087527380607,0,396087526779607,
0,263733872,396087529646818,396087529646818,0,396087530022992,396087530023376,396087532295684,396087532351607,396087566472938,396087530011069,11101797,14600000,396087533499069,396087533579376,396087533782146,396087538060300,396087548323300,24307,271384,396087548323300,396087538692838,0,396087538060300,
0,263733894,396087540731169,396087540731169,0,396087541359300,396087541359992,396087542527915,396087542577223,396087577574735,396087541346376,11100308,14600000,396087543144300,396087543235992,396087543458453,396087548675069,396087560539607,25231,233231,396087560539607,396087549354453,0,396087548675069,
0,263733916,396087551888938,396087551888938,0,396087552800530,396087552801453,396087554052223,396087554103376,396087588675043,396087552786069,11104652,14600000,396087554866992,396087554962453,396087555171684,396087562368915,396087571052300,30154,244307,396087571052300,396087562929761,0,396087562368915,
0,263733938,396087562992482,396087562992482,0,396087563742069,396087563742761,396087564963915,396087565014761,396087599779695,396087563729146,11104865,14600000,396087567662684,396087567763684,396087568044838,396087573122761,396087579814992,26846,253615,396087579814992,396087573944530,0,396087573122761,
0,263733960,396087574080613,396087574080613,0,396087574937530,396087574938146,396087575987300,396087576080223,396087610884560,396087574926453,11103702,14600000,396087576545146,396087576625146,396087576786376,396087582040300,396087588227684,22154,240923,396087588227684,396087582782146,0,396087582040300,
0,263733982,396087585188977,396087585188977,0,396087586104915,396087586105530,396087587886069,396087587944838,396087621988262,396087586091607,11103693,14600000,396087588700607,396087588808530,396087589045838,396087594469453,396087599790761,28077,270461,396087599790761,396087595229223,0,396087594469453,
0,263734004,396087596306507,396087596306507,0,396087598189761,396087598190761,396087601763376,396087601891069,396087633091955,396087598147300,11104928,14600000,396087603586069,396087603692300,396087603905146,396087608976915,396087614814684,24308,255308,396087614814684,396087609722684,0,396087608976915,
0,263734026,396087607396239,396087607396239,0,396087607994684,396087607995300,396087608999300,396087609042453,396087644196883,396087607985453,11103853,14600000,396087609504607,396087609795992,396087609952530,396087615861223,396087622199069,21923,248923,396087622199069,396087616666376,0,396087615861223,
0,263734048,396087618490855,396087618490855,0,396087619277761,396087619278684,396087620605530,396087620659915,396087655300736,396087619259376,11103214,14600000,396087621947376,396087622038376,396087622220300,396087626957838,396087633379607,27692,242231,396087633379607,396087627712915,0,396087626957838,
0,263734070,396087629599504,396087629599504,0,396087630334146,396087630335607,396087631823607,396087631897146,396087666403950,396087630318684,11103245,14600000,396087632726761,396087632874453,396087633110992,396087639138376,396087646375607,37231,233539,396087646375607,396087639843992,0,396087639138376,
0,263734092,396087640687547,396087640687547,0,396087641163300,396087641163992,396087642881453,396087642925453,396087677507195,396087641151684,11101929,14600000,396087643651684,396087643747300,396087643947684,396087656246992,396087666149761,53923,258385,396087666149761,396087656960607,0,396087656246992,
0,263734114,396087651820920,396087651820920,0,396087652474069,396087652474684,396087653570146,396087653640607,396087688609124,396087652464530,11105298,14600000,396087654040915,396087657034146,396087657204607,396087659395992,396087668719684,20615,6635000,396087668719684,396087666487684,0,396087659395992,
0,263734136,396087662913634,396087662913634,0,396087664798453,396087664798992,396087665424838,396087665473530,396087699714422,396087664791915,11104596,14600000,396087666002992,396087666565146,396087666759915,396087672318069,396087682566376,22462,268923,396087682566376,396087673090684,0,396087672318069,
0,263734158,396087674039174,396087674039174,0,396087674461838,396087674462453,396087675083069,396087675125146,396087710819018,396087674449761,11105869,14600000,396087677330453,396087677438376,396087677720838,396087682435376,396087693278992,26462,215616,396087693278992,396087683078761,0,396087682435376,
0,263734180,396087685131122,396087685131122,0,396087685854761,396087685855376,396087686772300,396087686830453,396087721924887,396087685841453,11104943,14600000,396087687254453,396087687345761,396087687538069,396087689777146,396087695126146,25538,3367923,396087695126146,396087693555607,0,396087689777146,
0,263734202,396087696218058,396087696218058,0,396087697148915,396087697149838,396087697916607,396087697971376,396087733029830,396087697134761,11103601,14600000,396087698488530,396087698571069,396087698771684,396087700915607,396087702829146,27693,235154,396087702829146,396087701525453,0,396087700915607,
0,263734224,396087707311937,396087707311937,0,396087707867069,396087707867684,396087708776915,396087708850069,396087744133431,396087707853223,11102711,14600000,396087709365453,396087709453453,396087709650761,396087712130992,396087716456607,27077,215923,396087716456607,396087712752223,0,396087712130992,
0,263734246,396087718401522,396087718401522,0,396087719473453,396087719474453,396087720572530,396087720635300,396087755236142,396087719449223,11101680,14600000,396087721257453,396087721359684,396087721568530,396087723929838,396087728556300,27077,204308,396087728556300,396087724586684,0,396087723929838,
0,263734268,396087729489783,396087729489783,0,396087729971684,396087729972530,396087730818453,396087730874146,396087766337822,396087729958992,11100447,14600000,396087731403300,396087731481761,396087731634146,396087733678069,396087737653453,23308,219385,396087737653453,396087734237146,0,396087733678069,
0,263734290,396087740580132,396087740580132,0,396087741527915,396087741528607,396087760126684,396087760191376,396087777438269,396087741511607,11099482,14600000,396087763505146,396087763616607,396087763895684,396087768322069,396087786098684,56693,227769,396087786098684,396087768977761,0,396087768322069,
0,263734312,396087751687191,396087762787506,0,396087769881761,396087769882376,396087773462146,396087773522761,396087810677542,396087769826146,11100315,14600000,396087774807376,396087774906146,396087775026684,396087779901146,396087794163607,27924,5960846,396087794163607,396087786456223,0,396087779901146,
0,263734342,396087773894366,396087773894366,0,396087775738992,396087775739300,396087776818069,396087776862684,396087821777857,396087775734684,11101018,14600000,396087778014992,396087786550992,396087786769761,396087791352300,396087800293761,24307,2741923,396087800293761,396087794533530,0,396087791352300,
0,263734536,396087896021778,396087896021778,0,396087897697223,396087897699069,396087897800300,396087897901761,396087910621778,396087897665146,11101508,14600000,396087900755684,396087903128223,396087903602684,396087931083069,396087935611376,61000,630693,396087935611376,396087932690684,0,396087931083069,
0,263734702,396088007196052,396088007196052,0,396088010193223,396088010194453,396088010480300,396088010663684,396088021796052,396088010158992,11107220,14600000,396088015322684,396088015714684,396088016546453,396088026390069,396088032386453,60231,804000,396088032386453,396088028307300,0,396088026390069,
0,263734853,396088118269696,396088118269696,0,396088119845530,396088119847377,396088119948838,396088120171684,396088132869696,396088119815300,11107716,14600000,396088123623300,396088123866684,396088124385223,396088135125453,396088143118761,58538,877461,396088143118761,396088137270761,0,396088135125453,
0,263735012,396088229342167,396088229342167,0,396088230651300,396088230652838,396088230822146,396088230964530,396088243942167,396088230620300,11107493,14600000,396088235631684,396088235975607,396088236676607,396088251912838,396088262221146,88000,1011692,396088262221146,396088254717530,0,396088251912838,
0,263735170,396088340298790,396088340298790,0,396088341960607,396088341962453,396088342162377,396088342318146,396088354898790,396088341925146,11104138,14600000,396088347186377,396088347585453,396088348960300,396088361840530,396088377157530,125847,528231,396088377157530,396088363196838,0,396088361840530,
0,263735328,396088451312160,396088451312160,0,396088453633453,396088453636607,396088453854992,396088454138761,396088465912160,396088453582146,11103250,14600000,396088463386377,396088463914684,396088465279377,396088479350377,396088493132915,105538,701846,396088493132915,396088481618146,0,396088479350377,
0,263735486,396088562342720,396088562342720,0,396088563616607,396088563618684,396088563762992,396088563913761,396088576942720,396088563579684,11103170,14600000,396088568721838,396088569091684,396088569619069,396088580909530,396088593001761,62153,655385,396088593001761,396088582759607,0,396088580909530,
0,263735643,396088673351045,396088673351045,0,396088676487915,396088676489761,396088676640838,396088676818377,396088687951045,396088676443300,11102197,14600000,396088681637453,396088682594069,396088683273453,396088695096300,396088708521453,90770,1063692,396088708521453,396088697462069,0,396088695096300,
0,263735801,396088784403883,396088784403883,0,396088786797453,396088786799607,396088786989761,396088787292838,396088799003883,396088786749530,11103216,14600000,396088795517146,396088796176530,396088796879684,396088807739377,396088824579377,104616,921538,396088824579377,396088809986684,0,396088807739377,
0,263735967,396088895434476,396088895434476,0,396088898191992,396088898194377,396088898421530,396088898764530,396088910034476,396088898141223,11102866,14600000,396088908809223,396088909069838,396088909497761,396088925340607,396088936287377,83154,804615,396088936287377,396088927452838,0,396088925340607,
0,263736124,396089006495762,396089006495762,0,396089008576607,396089008578992,396089008719377,396089008901530,396089021095762,396089008530146,11103511,14600000,396089013186992,396089013531992,396089014083684,396089026484530,396089035763684,74385,677539,396089035763684,396089028067684,0,396089026484530,
0,263736282,396089117542949,396089117542949,0,396089118994146,396089118996223,396089119131915,396089119285761,396089132142949,396089118958069,11104114,14600000,396089123812530,396089124222377,396089124743377,396089141321530,396089155201146,64308,610461,396089155201146,396089142911300,0,396089141321530,
0,263736441,396089228631616,396089228631616,0,396089230264530,396089230267069,396089230453223,396089230988838,396089243231616,396089230206453,11105263,14600000,396089241148300,396089241524838,396089241982992,396089255894453,396089268230069,64846,817231,396089268230069,396089258254377,0,396089255894453,
0,263736598,396089339736120,396089339736120,0,396089342253453,396089342254453,396089342400915,396089342584838,396089354336120,396089342221453,11106564,14600000,396089348328915,396089349262992,396089350000300,396089365415915,396089376676915,99693,701308,396089376676915,396089367105223,0,396089365415915,
0,263736756,396089450788474,396089450788474,0,396089452688915,396089452690146,396089452856838,396089452999607,396089465388474,396089452661223,11106437,14600000,396089456411300,396089457044607,396089457511377,396089470323684,396089480713223,88308,492231,396089480713223,396089471864838,0,396089470323684,
---PROFILEDATA---


View hierarchy:

  com.folio.reader/com.folio.reader.MainActivity/android.view.ViewRootImpl@f7aa1f7
  6 views, 11.86 kB of render nodes


Total ViewRootImpl   : 1
Total attached Views : 6
Total RenderNode     : 11.86 kB (used) / 35.93 kB (capacity)


